# INSTNAME: KCWI
# OBJID: ZTF23absbqun
# OBSERVED_AT: 2023-12-11T11:06:43
# OFNAME: full_spec
3401.0 -1.370e-02
3402.0 1.367e-02
3403.0 1.818e-02
3404.0 4.532e-04
3405.0 6.010e-02
3406.0 3.108e-02
3407.0 -4.156e-02
3408.0 -1.227e-02
3409.0 -3.624e-02
3410.0 -3.130e-02
3411.0 -2.473e-02
3412.0 -3.292e-02
3413.0 -2.912e-02
3414.0 -6.293e-02
3415.0 -1.141e-01
3416.0 -1.090e-01
3417.0 -7.726e-02
3418.0 -1.961e-01
3419.0 -1.012e-01
3420.0 -9.705e-02
3421.0 -1.052e-01
3422.0 -1.363e-01
3423.0 -1.047e-01
3424.0 -5.916e-02
3425.0 -1.747e-02
3426.0 1.114e-01
3427.0 6.648e-02
3428.0 7.916e-02
3429.0 9.422e-02
3430.0 1.784e-01
3431.0 1.992e-01
3432.0 1.331e-01
3433.0 3.314e-01
3434.0 3.269e-01
3435.0 1.715e-01
3436.0 1.252e-01
3437.0 2.010e-01
3438.0 2.315e-01
3439.0 2.059e-01
3440.0 2.538e-01
3441.0 1.493e-01
3442.0 1.280e-01
3443.0 2.791e-01
3444.0 1.277e-01
3445.0 9.399e-02
3446.0 1.652e-01
3447.0 8.504e-02
3448.0 9.832e-02
3449.0 1.038e-01
3450.0 1.171e-01
3451.0 1.505e-01
3452.0 1.514e-01
3453.0 1.107e-01
3454.0 1.096e-01
3455.0 1.178e-01
3456.0 1.065e-01
3457.0 6.564e-02
3458.0 1.119e-01
3459.0 1.297e-01
3460.0 1.283e-01
3461.0 8.076e-02
3462.0 8.649e-02
3463.0 7.435e-02
3464.0 1.000e-01
3465.0 1.719e-02
3466.0 3.491e-02
3467.0 1.133e-01
3468.0 8.676e-02
3469.0 5.329e-02
3470.0 1.016e-02
3471.0 4.510e-02
3472.0 7.018e-02
3473.0 5.090e-02
3474.0 -3.849e-03
3475.0 8.643e-02
3476.0 7.325e-02
3477.0 2.584e-03
3478.0 6.342e-02
3479.0 7.023e-02
3480.0 2.584e-02
3481.0 3.442e-02
3482.0 7.610e-02
3483.0 2.857e-02
3484.0 3.109e-02
3485.0 5.621e-02
3486.0 1.183e-01
3487.0 5.710e-02
3488.0 -1.794e-02
3489.0 1.239e-01
3490.0 4.446e-02
3491.0 6.858e-02
3492.0 6.459e-02
3493.0 7.039e-03
3494.0 6.461e-02
3495.0 1.023e-01
3496.0 8.478e-02
3497.0 8.750e-02
3498.0 8.822e-02
3499.0 7.886e-02
3500.0 6.297e-02
3501.0 1.066e-01
3502.0 7.294e-02
3503.0 4.395e-02
3504.0 4.700e-02
3505.0 5.771e-02
3506.0 7.264e-02
3507.0 7.123e-02
3508.0 8.657e-02
3509.0 8.059e-02
3510.0 6.870e-02
3511.0 5.053e-02
3512.0 8.904e-02
3513.0 6.777e-02
3514.0 5.987e-02
3515.0 5.231e-02
3516.0 5.492e-02
3517.0 1.528e-01
3518.0 1.556e-01
3519.0 1.539e-01
3520.0 1.336e-01
3521.0 1.388e-01
3522.0 1.289e-01
3523.0 1.494e-01
3524.0 1.516e-01
3525.0 1.178e-01
3526.0 1.417e-01
3527.0 1.474e-01
3528.0 2.073e-01
3529.0 1.678e-01
3530.0 1.428e-01
3531.0 1.761e-01
3532.0 1.467e-01
3533.0 1.777e-01
3534.0 1.549e-01
3535.0 1.162e-01
3536.0 1.576e-01
3537.0 1.451e-01
3538.0 1.377e-01
3539.0 1.571e-01
3540.0 1.543e-01
3541.0 1.699e-01
3542.0 1.084e-01
3543.0 1.322e-01
3544.0 9.313e-02
3545.0 1.046e-01
3546.0 1.002e-01
3547.0 1.246e-01
3548.0 1.866e-01
3549.0 1.737e-01
3550.0 2.095e-01
3551.0 1.441e-01
3552.0 1.705e-01
3553.0 1.589e-01
3554.0 1.794e-01
3555.0 1.323e-01
3556.0 1.391e-01
3557.0 1.825e-01
3558.0 2.180e-01
3559.0 2.274e-01
3560.0 1.391e-01
3561.0 2.206e-01
3562.0 1.723e-01
3563.0 9.293e-02
3564.0 1.104e-01
3565.0 1.503e-01
3566.0 1.148e-01
3567.0 1.469e-01
3568.0 1.511e-01
3569.0 1.796e-01
3570.0 2.018e-01
3571.0 1.679e-01
3572.0 1.577e-01
3573.0 1.567e-01
3574.0 1.603e-01
3575.0 1.720e-01
3576.0 1.540e-01
3577.0 8.569e-02
3578.0 1.485e-01
3579.0 1.299e-01
3580.0 1.407e-01
3581.0 1.310e-01
3582.0 1.329e-01
3583.0 1.462e-01
3584.0 1.683e-01
3585.0 1.857e-01
3586.0 1.700e-01
3587.0 1.764e-01
3588.0 1.235e-01
3589.0 1.446e-01
3590.0 1.852e-01
3591.0 1.250e-01
3592.0 1.340e-01
3593.0 1.335e-01
3594.0 1.355e-01
3595.0 9.966e-02
3596.0 1.046e-01
3597.0 1.657e-01
3598.0 1.287e-01
3599.0 1.596e-01
3600.0 1.650e-01
3601.0 1.556e-01
3602.0 1.657e-01
3603.0 1.535e-01
3604.0 1.657e-01
3605.0 1.482e-01
3606.0 1.477e-01
3607.0 1.332e-01
3608.0 1.569e-01
3609.0 1.524e-01
3610.0 1.604e-01
3611.0 1.331e-01
3612.0 1.732e-01
3613.0 1.472e-01
3614.0 1.454e-01
3615.0 1.770e-01
3616.0 1.476e-01
3617.0 1.324e-01
3618.0 1.596e-01
3619.0 1.590e-01
3620.0 1.788e-01
3621.0 1.514e-01
3622.0 1.476e-01
3623.0 1.581e-01
3624.0 1.476e-01
3625.0 1.422e-01
3626.0 1.776e-01
3627.0 1.427e-01
3628.0 1.319e-01
3629.0 1.757e-01
3630.0 1.814e-01
3631.0 1.114e-01
3632.0 1.615e-01
3633.0 1.582e-01
3634.0 1.457e-01
3635.0 1.719e-01
3636.0 1.739e-01
3637.0 1.805e-01
3638.0 1.453e-01
3639.0 1.199e-01
3640.0 1.730e-01
3641.0 1.795e-01
3642.0 1.564e-01
3643.0 1.554e-01
3644.0 1.319e-01
3645.0 1.138e-01
3646.0 1.505e-01
3647.0 1.674e-01
3648.0 1.386e-01
3649.0 1.847e-01
3650.0 1.851e-01
3651.0 1.812e-01
3652.0 1.831e-01
3653.0 1.963e-01
3654.0 2.079e-01
3655.0 2.192e-01
3656.0 1.647e-01
3657.0 1.495e-01
3658.0 1.548e-01
3659.0 1.590e-01
3660.0 1.648e-01
3661.0 1.934e-01
3662.0 1.969e-01
3663.0 2.072e-01
3664.0 1.511e-01
3665.0 1.729e-01
3666.0 1.866e-01
3667.0 1.899e-01
3668.0 1.412e-01
3669.0 1.376e-01
3670.0 1.541e-01
3671.0 1.387e-01
3672.0 1.714e-01
3673.0 1.779e-01
3674.0 1.401e-01
3675.0 1.450e-01
3676.0 1.432e-01
3677.0 1.780e-01
3678.0 1.840e-01
3679.0 1.678e-01
3680.0 1.609e-01
3681.0 1.762e-01
3682.0 1.374e-01
3683.0 1.352e-01
3684.0 1.716e-01
3685.0 1.543e-01
3686.0 1.587e-01
3687.0 1.792e-01
3688.0 1.680e-01
3689.0 1.540e-01
3690.0 1.528e-01
3691.0 1.071e-01
3692.0 1.350e-01
3693.0 1.318e-01
3694.0 1.612e-01
3695.0 1.566e-01
3696.0 1.316e-01
3697.0 1.799e-01
3698.0 1.517e-01
3699.0 1.302e-01
3700.0 1.432e-01
3701.0 1.478e-01
3702.0 1.616e-01
3703.0 1.635e-01
3704.0 1.496e-01
3705.0 1.582e-01
3706.0 1.565e-01
3707.0 1.667e-01
3708.0 1.505e-01
3709.0 1.377e-01
3710.0 1.623e-01
3711.0 1.766e-01
3712.0 1.519e-01
3713.0 1.424e-01
3714.0 1.634e-01
3715.0 1.635e-01
3716.0 1.466e-01
3717.0 1.380e-01
3718.0 1.398e-01
3719.0 1.361e-01
3720.0 1.511e-01
3721.0 1.532e-01
3722.0 1.230e-01
3723.0 1.331e-01
3724.0 1.507e-01
3725.0 1.394e-01
3726.0 1.611e-01
3727.0 1.375e-01
3728.0 1.504e-01
3729.0 1.124e-01
3730.0 1.366e-01
3731.0 1.471e-01
3732.0 1.586e-01
3733.0 1.403e-01
3734.0 1.247e-01
3735.0 1.711e-01
3736.0 1.645e-01
3737.0 1.765e-01
3738.0 1.647e-01
3739.0 1.512e-01
3740.0 1.673e-01
3741.0 1.863e-01
3742.0 2.002e-01
3743.0 1.670e-01
3744.0 1.197e-01
3745.0 1.705e-01
3746.0 1.603e-01
3747.0 1.536e-01
3748.0 1.667e-01
3749.0 1.620e-01
3750.0 1.597e-01
3751.0 1.637e-01
3752.0 1.156e-01
3753.0 1.122e-01
3754.0 1.617e-01
3755.0 1.301e-01
3756.0 1.496e-01
3757.0 1.447e-01
3758.0 1.742e-01
3759.0 1.789e-01
3760.0 1.639e-01
3761.0 1.368e-01
3762.0 1.422e-01
3763.0 1.283e-01
3764.0 2.660e-01
3765.0 3.497e-01
3766.0 3.877e-01
3767.0 5.451e-01
3768.0 6.999e-01
3769.0 5.757e-01
3770.0 4.337e-01
3771.0 4.201e-01
3772.0 3.103e-01
3773.0 1.905e-01
3774.0 1.443e-01
3775.0 1.415e-01
3776.0 1.548e-01
3777.0 1.620e-01
3778.0 1.636e-01
3779.0 1.733e-01
3780.0 1.995e-01
3781.0 1.779e-01
3782.0 1.944e-01
3783.0 2.010e-01
3784.0 1.635e-01
3785.0 1.942e-01
3786.0 1.814e-01
3787.0 1.607e-01
3788.0 1.669e-01
3789.0 1.621e-01
3790.0 1.517e-01
3791.0 1.607e-01
3792.0 1.768e-01
3793.0 1.927e-01
3794.0 1.582e-01
3795.0 1.328e-01
3796.0 1.850e-01
3797.0 1.982e-01
3798.0 1.675e-01
3799.0 1.854e-01
3800.0 1.801e-01
3801.0 2.051e-01
3802.0 1.921e-01
3803.0 1.918e-01
3804.0 2.279e-01
3805.0 1.926e-01
3806.0 1.796e-01
3807.0 2.025e-01
3808.0 1.824e-01
3809.0 1.910e-01
3810.0 1.860e-01
3811.0 1.448e-01
3812.0 1.578e-01
3813.0 2.227e-01
3814.0 1.673e-01
3815.0 1.655e-01
3816.0 1.723e-01
3817.0 1.962e-01
3818.0 2.196e-01
3819.0 1.851e-01
3820.0 1.868e-01
3821.0 2.157e-01
3822.0 2.301e-01
3823.0 2.227e-01
3824.0 2.236e-01
3825.0 2.319e-01
3826.0 2.383e-01
3827.0 2.345e-01
3828.0 2.314e-01
3829.0 2.240e-01
3830.0 2.243e-01
3831.0 2.043e-01
3832.0 2.162e-01
3833.0 2.182e-01
3834.0 1.825e-01
3835.0 1.987e-01
3836.0 1.921e-01
3837.0 1.539e-01
3838.0 1.880e-01
3839.0 1.822e-01
3840.0 1.843e-01
3841.0 1.776e-01
3842.0 1.808e-01
3843.0 2.035e-01
3844.0 2.102e-01
3845.0 1.892e-01
3846.0 2.451e-01
3847.0 2.365e-01
3848.0 2.430e-01
3849.0 2.416e-01
3850.0 2.580e-01
3851.0 2.447e-01
3852.0 2.347e-01
3853.0 2.526e-01
3854.0 2.375e-01
3855.0 2.429e-01
3856.0 2.514e-01
3857.0 2.569e-01
3858.0 2.636e-01
3859.0 2.620e-01
3860.0 2.415e-01
3861.0 2.461e-01
3862.0 2.410e-01
3863.0 2.386e-01
3864.0 2.723e-01
3865.0 2.500e-01
3866.0 2.419e-01
3867.0 2.181e-01
3868.0 2.363e-01
3869.0 2.584e-01
3870.0 2.484e-01
3871.0 2.479e-01
3872.0 2.103e-01
3873.0 2.224e-01
3874.0 2.061e-01
3875.0 1.966e-01
3876.0 2.323e-01
3877.0 2.347e-01
3878.0 2.235e-01
3879.0 2.428e-01
3880.0 2.317e-01
3881.0 2.174e-01
3882.0 2.356e-01
3883.0 2.613e-01
3884.0 2.697e-01
3885.0 2.968e-01
3886.0 2.529e-01
3887.0 2.589e-01
3888.0 2.618e-01
3889.0 2.804e-01
3890.0 2.811e-01
3891.0 2.754e-01
3892.0 2.992e-01
3893.0 2.864e-01
3894.0 2.971e-01
3895.0 2.966e-01
3896.0 2.879e-01
3897.0 2.995e-01
3898.0 2.913e-01
3899.0 2.851e-01
3900.0 3.030e-01
3901.0 3.163e-01
3902.0 2.977e-01
3903.0 3.115e-01
3904.0 3.050e-01
3905.0 3.096e-01
3906.0 3.099e-01
3907.0 2.917e-01
3908.0 3.195e-01
3909.0 3.418e-01
3910.0 3.133e-01
3911.0 3.241e-01
3912.0 3.256e-01
3913.0 3.101e-01
3914.0 3.130e-01
3915.0 3.186e-01
3916.0 3.231e-01
3917.0 3.279e-01
3918.0 3.336e-01
3919.0 2.981e-01
3920.0 2.873e-01
3921.0 2.952e-01
3922.0 2.840e-01
3923.0 3.003e-01
3924.0 3.118e-01
3925.0 2.898e-01
3926.0 2.770e-01
3927.0 2.762e-01
3928.0 2.842e-01
3929.0 2.955e-01
3930.0 3.005e-01
3931.0 3.025e-01
3932.0 2.889e-01
3933.0 2.632e-01
3934.0 2.618e-01
3935.0 2.609e-01
3936.0 2.668e-01
3937.0 2.888e-01
3938.0 2.845e-01
3939.0 2.809e-01
3940.0 2.935e-01
3941.0 3.209e-01
3942.0 3.276e-01
3943.0 3.208e-01
3944.0 3.352e-01
3945.0 3.082e-01
3946.0 3.053e-01
3947.0 3.128e-01
3948.0 3.208e-01
3949.0 3.204e-01
3950.0 3.103e-01
3951.0 3.114e-01
3952.0 2.863e-01
3953.0 2.875e-01
3954.0 3.051e-01
3955.0 3.154e-01
3956.0 2.974e-01
3957.0 3.222e-01
3958.0 3.193e-01
3959.0 2.907e-01
3960.0 3.032e-01
3961.0 3.224e-01
3962.0 3.134e-01
3963.0 3.123e-01
3964.0 3.218e-01
3965.0 3.418e-01
3966.0 3.265e-01
3967.0 3.162e-01
3968.0 3.219e-01
3969.0 3.015e-01
3970.0 3.065e-01
3971.0 2.977e-01
3972.0 2.962e-01
3973.0 2.611e-01
3974.0 2.774e-01
3975.0 2.881e-01
3976.0 2.929e-01
3977.0 2.790e-01
3978.0 2.950e-01
3979.0 2.880e-01
3980.0 3.114e-01
3981.0 3.183e-01
3982.0 3.108e-01
3983.0 3.130e-01
3984.0 3.017e-01
3985.0 3.002e-01
3986.0 3.186e-01
3987.0 3.267e-01
3988.0 3.354e-01
3989.0 3.019e-01
3990.0 2.793e-01
3991.0 3.075e-01
3992.0 3.189e-01
3993.0 3.067e-01
3994.0 3.161e-01
3995.0 2.989e-01
3996.0 2.922e-01
3997.0 2.989e-01
3998.0 2.983e-01
3999.0 2.815e-01
4000.0 2.939e-01
4001.0 3.067e-01
4002.0 2.864e-01
4003.0 2.970e-01
4004.0 2.950e-01
4005.0 2.896e-01
4006.0 2.801e-01
4007.0 2.816e-01
4008.0 2.788e-01
4009.0 2.386e-01
4010.0 2.377e-01
4011.0 2.828e-01
4012.0 2.878e-01
4013.0 2.616e-01
4014.0 2.787e-01
4015.0 2.818e-01
4016.0 2.748e-01
4017.0 2.468e-01
4018.0 2.527e-01
4019.0 2.751e-01
4020.0 2.806e-01
4021.0 2.620e-01
4022.0 2.845e-01
4023.0 2.670e-01
4024.0 3.117e-01
4025.0 3.045e-01
4026.0 2.781e-01
4027.0 2.780e-01
4028.0 2.896e-01
4029.0 3.185e-01
4030.0 2.932e-01
4031.0 2.811e-01
4032.0 2.918e-01
4033.0 2.981e-01
4034.0 2.937e-01
4035.0 2.796e-01
4036.0 3.061e-01
4037.0 2.765e-01
4038.0 2.829e-01
4039.0 2.843e-01
4040.0 2.985e-01
4041.0 2.987e-01
4042.0 2.833e-01
4043.0 2.929e-01
4044.0 2.740e-01
4045.0 2.909e-01
4046.0 2.718e-01
4047.0 2.730e-01
4048.0 2.733e-01
4049.0 2.804e-01
4050.0 2.830e-01
4051.0 2.803e-01
4052.0 2.888e-01
4053.0 2.610e-01
4054.0 2.827e-01
4055.0 2.924e-01
4056.0 3.146e-01
4057.0 3.000e-01
4058.0 2.668e-01
4059.0 2.727e-01
4060.0 2.821e-01
4061.0 2.990e-01
4062.0 2.850e-01
4063.0 2.856e-01
4064.0 2.831e-01
4065.0 2.947e-01
4066.0 2.726e-01
4067.0 2.814e-01
4068.0 2.711e-01
4069.0 2.703e-01
4070.0 2.755e-01
4071.0 2.745e-01
4072.0 2.773e-01
4073.0 2.849e-01
4074.0 2.757e-01
4075.0 2.724e-01
4076.0 2.833e-01
4077.0 2.949e-01
4078.0 2.583e-01
4079.0 2.584e-01
4080.0 2.933e-01
4081.0 2.926e-01
4082.0 2.971e-01
4083.0 2.855e-01
4084.0 2.873e-01
4085.0 3.093e-01
4086.0 2.974e-01
4087.0 2.660e-01
4088.0 2.794e-01
4089.0 2.763e-01
4090.0 2.692e-01
4091.0 2.707e-01
4092.0 2.687e-01
4093.0 2.594e-01
4094.0 2.854e-01
4095.0 2.748e-01
4096.0 2.504e-01
4097.0 2.780e-01
4098.0 2.950e-01
4099.0 2.595e-01
4100.0 2.699e-01
4101.0 2.590e-01
4102.0 2.801e-01
4103.0 2.798e-01
4104.0 2.645e-01
4105.0 2.620e-01
4106.0 2.828e-01
4107.0 2.505e-01
4108.0 2.626e-01
4109.0 2.880e-01
4110.0 2.788e-01
4111.0 2.513e-01
4112.0 2.693e-01
4113.0 2.903e-01
4114.0 2.548e-01
4115.0 2.802e-01
4116.0 2.945e-01
4117.0 2.597e-01
4118.0 2.493e-01
4119.0 2.509e-01
4120.0 2.561e-01
4121.0 2.570e-01
4122.0 2.701e-01
4123.0 2.717e-01
4124.0 2.489e-01
4125.0 2.532e-01
4126.0 2.581e-01
4127.0 2.598e-01
4128.0 2.834e-01
4129.0 2.694e-01
4130.0 2.511e-01
4131.0 2.427e-01
4132.0 2.399e-01
4133.0 2.596e-01
4134.0 2.464e-01
4135.0 2.365e-01
4136.0 2.406e-01
4137.0 2.437e-01
4138.0 2.317e-01
4139.0 2.257e-01
4140.0 2.343e-01
4141.0 2.428e-01
4142.0 2.339e-01
4143.0 2.401e-01
4144.0 2.855e-01
4145.0 2.753e-01
4146.0 2.764e-01
4147.0 3.072e-01
4148.0 2.909e-01
4149.0 2.502e-01
4150.0 2.295e-01
4151.0 2.266e-01
4152.0 2.531e-01
4153.0 2.525e-01
4154.0 2.446e-01
4155.0 2.692e-01
4156.0 2.492e-01
4157.0 2.363e-01
4158.0 2.504e-01
4159.0 2.652e-01
4160.0 2.958e-01
4161.0 2.444e-01
4162.0 2.487e-01
4163.0 2.990e-01
4164.0 2.655e-01
4165.0 2.639e-01
4166.0 2.741e-01
4167.0 2.708e-01
4168.0 2.519e-01
4169.0 2.531e-01
4170.0 2.764e-01
4171.0 2.533e-01
4172.0 2.520e-01
4173.0 2.580e-01
4174.0 2.634e-01
4175.0 2.761e-01
4176.0 2.623e-01
4177.0 2.667e-01
4178.0 2.708e-01
4179.0 2.590e-01
4180.0 2.869e-01
4181.0 2.575e-01
4182.0 2.624e-01
4183.0 2.726e-01
4184.0 2.575e-01
4185.0 2.627e-01
4186.0 2.579e-01
4187.0 2.706e-01
4188.0 2.602e-01
4189.0 2.574e-01
4190.0 2.664e-01
4191.0 2.723e-01
4192.0 2.736e-01
4193.0 2.739e-01
4194.0 2.702e-01
4195.0 2.718e-01
4196.0 2.742e-01
4197.0 2.733e-01
4198.0 2.853e-01
4199.0 2.621e-01
4200.0 2.957e-01
4201.0 2.723e-01
4202.0 2.791e-01
4203.0 2.727e-01
4204.0 2.674e-01
4205.0 2.810e-01
4206.0 2.952e-01
4207.0 2.984e-01
4208.0 2.895e-01
4209.0 2.684e-01
4210.0 2.710e-01
4211.0 2.932e-01
4212.0 2.761e-01
4213.0 2.670e-01
4214.0 2.859e-01
4215.0 2.647e-01
4216.0 2.727e-01
4217.0 3.043e-01
4218.0 2.774e-01
4219.0 2.790e-01
4220.0 2.655e-01
4221.0 2.807e-01
4222.0 2.697e-01
4223.0 2.712e-01
4224.0 2.823e-01
4225.0 2.656e-01
4226.0 2.761e-01
4227.0 2.738e-01
4228.0 2.675e-01
4229.0 2.569e-01
4230.0 2.513e-01
4231.0 2.680e-01
4232.0 2.829e-01
4233.0 2.486e-01
4234.0 2.460e-01
4235.0 2.529e-01
4236.0 2.587e-01
4237.0 2.632e-01
4238.0 2.654e-01
4239.0 2.830e-01
4240.0 2.785e-01
4241.0 2.648e-01
4242.0 2.652e-01
4243.0 2.784e-01
4244.0 2.866e-01
4245.0 2.950e-01
4246.0 2.731e-01
4247.0 2.669e-01
4248.0 2.885e-01
4249.0 2.826e-01
4250.0 2.711e-01
4251.0 2.640e-01
4252.0 2.746e-01
4253.0 2.843e-01
4254.0 3.021e-01
4255.0 3.134e-01
4256.0 2.709e-01
4257.0 2.953e-01
4258.0 2.757e-01
4259.0 2.686e-01
4260.0 2.808e-01
4261.0 2.861e-01
4262.0 2.887e-01
4263.0 2.720e-01
4264.0 2.845e-01
4265.0 3.053e-01
4266.0 3.004e-01
4267.0 2.781e-01
4268.0 2.830e-01
4269.0 2.891e-01
4270.0 2.900e-01
4271.0 2.829e-01
4272.0 2.667e-01
4273.0 2.883e-01
4274.0 2.860e-01
4275.0 2.711e-01
4276.0 2.804e-01
4277.0 2.848e-01
4278.0 2.775e-01
4279.0 2.868e-01
4280.0 2.829e-01
4281.0 3.083e-01
4282.0 2.902e-01
4283.0 2.733e-01
4284.0 2.846e-01
4285.0 2.802e-01
4286.0 2.959e-01
4287.0 2.916e-01
4288.0 2.712e-01
4289.0 2.852e-01
4290.0 2.860e-01
4291.0 2.916e-01
4292.0 2.942e-01
4293.0 2.857e-01
4294.0 2.954e-01
4295.0 2.795e-01
4296.0 2.750e-01
4297.0 2.810e-01
4298.0 2.740e-01
4299.0 2.756e-01
4300.0 2.671e-01
4301.0 2.862e-01
4302.0 2.801e-01
4303.0 2.881e-01
4304.0 2.953e-01
4305.0 2.639e-01
4306.0 2.786e-01
4307.0 2.688e-01
4308.0 2.880e-01
4309.0 2.792e-01
4310.0 2.853e-01
4311.0 2.762e-01
4312.0 2.785e-01
4313.0 2.663e-01
4314.0 2.791e-01
4315.0 2.669e-01
4316.0 2.704e-01
4317.0 2.568e-01
4318.0 2.634e-01
4319.0 2.919e-01
4320.0 2.985e-01
4321.0 2.712e-01
4322.0 2.744e-01
4323.0 2.795e-01
4324.0 2.800e-01
4325.0 2.814e-01
4326.0 2.955e-01
4327.0 2.506e-01
4328.0 2.549e-01
4329.0 2.761e-01
4330.0 2.751e-01
4331.0 2.853e-01
4332.0 2.610e-01
4333.0 2.763e-01
4334.0 2.616e-01
4335.0 2.499e-01
4336.0 2.637e-01
4337.0 2.699e-01
4338.0 2.567e-01
4339.0 2.647e-01
4340.0 2.621e-01
4341.0 2.601e-01
4342.0 2.750e-01
4343.0 2.551e-01
4344.0 2.613e-01
4345.0 2.889e-01
4346.0 2.798e-01
4347.0 2.563e-01
4348.0 2.838e-01
4349.0 2.843e-01
4350.0 2.691e-01
4351.0 2.808e-01
4352.0 2.786e-01
4353.0 2.716e-01
4354.0 2.776e-01
4355.0 2.808e-01
4356.0 2.823e-01
4357.0 2.867e-01
4358.0 2.906e-01
4359.0 2.986e-01
4360.0 3.000e-01
4361.0 2.749e-01
4362.0 2.905e-01
4363.0 2.841e-01
4364.0 3.004e-01
4365.0 2.894e-01
4366.0 2.967e-01
4367.0 2.843e-01
4368.0 2.809e-01
4369.0 3.029e-01
4370.0 2.808e-01
4371.0 2.762e-01
4372.0 2.748e-01
4373.0 2.866e-01
4374.0 3.191e-01
4375.0 3.006e-01
4376.0 2.965e-01
4377.0 2.741e-01
4378.0 2.801e-01
4379.0 2.855e-01
4380.0 2.707e-01
4381.0 2.734e-01
4382.0 2.795e-01
4383.0 2.560e-01
4384.0 2.581e-01
4385.0 3.880e-01
4386.0 4.793e-01
4387.0 4.761e-01
4388.0 4.606e-01
4389.0 4.319e-01
4390.0 3.661e-01
4391.0 2.780e-01
4392.0 2.762e-01
4393.0 2.904e-01
4394.0 3.059e-01
4395.0 2.987e-01
4396.0 2.978e-01
4397.0 3.059e-01
4398.0 3.360e-01
4399.0 3.165e-01
4400.0 3.058e-01
4401.0 3.006e-01
4402.0 3.065e-01
4403.0 3.215e-01
4404.0 3.405e-01
4405.0 3.330e-01
4406.0 3.353e-01
4407.0 3.327e-01
4408.0 3.363e-01
4409.0 3.249e-01
4410.0 3.378e-01
4411.0 3.356e-01
4412.0 3.517e-01
4413.0 3.472e-01
4414.0 3.234e-01
4415.0 3.311e-01
4416.0 3.342e-01
4417.0 3.369e-01
4418.0 3.344e-01
4419.0 3.322e-01
4420.0 3.542e-01
4421.0 3.631e-01
4422.0 3.512e-01
4423.0 3.537e-01
4424.0 3.739e-01
4425.0 3.424e-01
4426.0 3.585e-01
4427.0 3.688e-01
4428.0 3.638e-01
4429.0 3.646e-01
4430.0 3.537e-01
4431.0 3.367e-01
4432.0 3.406e-01
4433.0 3.671e-01
4434.0 3.580e-01
4435.0 3.557e-01
4436.0 3.422e-01
4437.0 3.566e-01
4438.0 3.620e-01
4439.0 3.499e-01
4440.0 3.532e-01
4441.0 3.554e-01
4442.0 3.909e-01
4443.0 3.946e-01
4444.0 3.733e-01
4445.0 3.816e-01
4446.0 3.691e-01
4447.0 3.770e-01
4448.0 4.029e-01
4449.0 3.897e-01
4450.0 3.731e-01
4451.0 3.869e-01
4452.0 3.947e-01
4453.0 3.712e-01
4454.0 3.863e-01
4455.0 3.930e-01
4456.0 3.843e-01
4457.0 4.029e-01
4458.0 3.908e-01
4459.0 4.073e-01
4460.0 4.180e-01
4461.0 3.954e-01
4462.0 4.220e-01
4463.0 4.116e-01
4464.0 3.819e-01
4465.0 4.032e-01
4466.0 4.076e-01
4467.0 4.255e-01
4468.0 4.036e-01
4469.0 4.107e-01
4470.0 4.032e-01
4471.0 4.316e-01
4472.0 4.139e-01
4473.0 4.222e-01
4474.0 4.223e-01
4475.0 4.259e-01
4476.0 4.127e-01
4477.0 4.367e-01
4478.0 4.151e-01
4479.0 4.061e-01
4480.0 4.130e-01
4481.0 4.123e-01
4482.0 4.181e-01
4483.0 4.394e-01
4484.0 4.226e-01
4485.0 4.223e-01
4486.0 4.160e-01
4487.0 4.185e-01
4488.0 4.490e-01
4489.0 4.455e-01
4490.0 4.384e-01
4491.0 4.417e-01
4492.0 4.247e-01
4493.0 4.349e-01
4494.0 4.337e-01
4495.0 4.245e-01
4496.0 4.328e-01
4497.0 4.306e-01
4498.0 4.504e-01
4499.0 4.469e-01
4500.0 4.338e-01
4501.0 4.494e-01
4502.0 4.484e-01
4503.0 4.375e-01
4504.0 4.457e-01
4505.0 4.794e-01
4506.0 4.521e-01
4507.0 4.483e-01
4508.0 4.332e-01
4509.0 4.345e-01
4510.0 4.559e-01
4511.0 4.781e-01
4512.0 4.641e-01
4513.0 4.625e-01
4514.0 4.773e-01
4515.0 4.710e-01
4516.0 4.484e-01
4517.0 4.303e-01
4518.0 4.619e-01
4519.0 4.731e-01
4520.0 4.582e-01
4521.0 4.809e-01
4522.0 4.827e-01
4523.0 4.698e-01
4524.0 4.516e-01
4525.0 4.627e-01
4526.0 4.920e-01
4527.0 4.646e-01
4528.0 4.664e-01
4529.0 4.447e-01
4530.0 4.387e-01
4531.0 4.583e-01
4532.0 4.548e-01
4533.0 4.469e-01
4534.0 4.676e-01
4535.0 4.698e-01
4536.0 4.676e-01
4537.0 4.584e-01
4538.0 4.558e-01
4539.0 4.612e-01
4540.0 4.670e-01
4541.0 4.670e-01
4542.0 4.489e-01
4543.0 4.388e-01
4544.0 4.510e-01
4545.0 4.458e-01
4546.0 4.610e-01
4547.0 4.464e-01
4548.0 4.507e-01
4549.0 4.455e-01
4550.0 4.549e-01
4551.0 4.587e-01
4552.0 4.494e-01
4553.0 4.550e-01
4554.0 4.649e-01
4555.0 4.574e-01
4556.0 4.494e-01
4557.0 4.543e-01
4558.0 4.641e-01
4559.0 4.701e-01
4560.0 4.579e-01
4561.0 4.498e-01
4562.0 4.701e-01
4563.0 4.538e-01
4564.0 4.591e-01
4565.0 4.352e-01
4566.0 4.426e-01
4567.0 4.512e-01
4568.0 4.527e-01
4569.0 4.524e-01
4570.0 4.525e-01
4571.0 4.448e-01
4572.0 4.594e-01
4573.0 4.371e-01
4574.0 4.329e-01
4575.0 4.495e-01
4576.0 4.409e-01
4577.0 4.356e-01
4578.0 4.221e-01
4579.0 4.250e-01
4580.0 4.195e-01
4581.0 4.288e-01
4582.0 4.342e-01
4583.0 4.437e-01
4584.0 4.327e-01
4585.0 4.180e-01
4586.0 4.171e-01
4587.0 4.365e-01
4588.0 4.310e-01
4589.0 4.413e-01
4590.0 4.302e-01
4591.0 4.113e-01
4592.0 4.348e-01
4593.0 4.433e-01
4594.0 4.195e-01
4595.0 4.322e-01
4596.0 4.420e-01
4597.0 4.325e-01
4598.0 4.174e-01
4599.0 4.079e-01
4600.0 4.388e-01
4601.0 4.410e-01
4602.0 4.314e-01
4603.0 4.251e-01
4604.0 4.085e-01
4605.0 4.211e-01
4606.0 4.312e-01
4607.0 4.410e-01
4608.0 4.469e-01
4609.0 4.282e-01
4610.0 4.220e-01
4611.0 4.255e-01
4612.0 4.462e-01
4613.0 4.222e-01
4614.0 4.136e-01
4615.0 4.463e-01
4616.0 4.526e-01
4617.0 4.455e-01
4618.0 4.455e-01
4619.0 4.272e-01
4620.0 4.218e-01
4621.0 4.292e-01
4622.0 4.363e-01
4623.0 4.343e-01
4624.0 4.242e-01
4625.0 4.350e-01
4626.0 4.410e-01
4627.0 4.305e-01
4628.0 4.085e-01
4629.0 4.266e-01
4630.0 4.364e-01
4631.0 4.298e-01
4632.0 4.119e-01
4633.0 4.215e-01
4634.0 4.317e-01
4635.0 4.179e-01
4636.0 4.166e-01
4637.0 4.255e-01
4638.0 4.333e-01
4639.0 4.468e-01
4640.0 4.236e-01
4641.0 4.194e-01
4642.0 4.471e-01
4643.0 4.438e-01
4644.0 4.353e-01
4645.0 4.345e-01
4646.0 4.361e-01
4647.0 4.423e-01
4648.0 4.303e-01
4649.0 4.228e-01
4650.0 4.281e-01
4651.0 4.299e-01
4652.0 4.269e-01
4653.0 4.280e-01
4654.0 4.590e-01
4655.0 4.558e-01
4656.0 4.359e-01
4657.0 4.411e-01
4658.0 4.324e-01
4659.0 4.322e-01
4660.0 4.458e-01
4661.0 4.288e-01
4662.0 4.252e-01
4663.0 4.271e-01
4664.0 4.268e-01
4665.0 4.494e-01
4666.0 4.402e-01
4667.0 4.337e-01
4668.0 4.328e-01
4669.0 4.452e-01
4670.0 4.393e-01
4671.0 4.643e-01
4672.0 4.502e-01
4673.0 4.341e-01
4674.0 4.331e-01
4675.0 4.417e-01
4676.0 4.469e-01
4677.0 4.428e-01
4678.0 4.689e-01
4679.0 4.468e-01
4680.0 4.622e-01
4681.0 4.620e-01
4682.0 4.431e-01
4683.0 4.536e-01
4684.0 4.761e-01
4685.0 4.672e-01
4686.0 4.474e-01
4687.0 4.560e-01
4688.0 4.719e-01
4689.0 4.764e-01
4690.0 4.709e-01
4691.0 4.630e-01
4692.0 4.634e-01
4693.0 4.568e-01
4694.0 4.462e-01
4695.0 4.585e-01
4696.0 4.624e-01
4697.0 4.656e-01
4698.0 4.485e-01
4699.0 4.495e-01
4700.0 4.728e-01
4701.0 4.533e-01
4702.0 4.539e-01
4703.0 4.647e-01
4704.0 4.527e-01
4705.0 4.497e-01
4706.0 4.631e-01
4707.0 4.474e-01
4708.0 4.473e-01
4709.0 4.563e-01
4710.0 4.714e-01
4711.0 4.617e-01
4712.0 4.360e-01
4713.0 4.442e-01
4714.0 4.796e-01
4715.0 4.606e-01
4716.0 4.558e-01
4717.0 4.473e-01
4718.0 4.336e-01
4719.0 4.731e-01
4720.0 4.593e-01
4721.0 4.666e-01
4722.0 4.864e-01
4723.0 4.512e-01
4724.0 4.508e-01
4725.0 4.465e-01
4726.0 4.637e-01
4727.0 4.686e-01
4728.0 4.597e-01
4729.0 4.765e-01
4730.0 4.823e-01
4731.0 4.637e-01
4732.0 4.793e-01
4733.0 4.549e-01
4734.0 4.545e-01
4735.0 4.583e-01
4736.0 4.866e-01
4737.0 4.639e-01
4738.0 4.503e-01
4739.0 4.517e-01
4740.0 4.522e-01
4741.0 4.468e-01
4742.0 4.613e-01
4743.0 4.745e-01
4744.0 4.662e-01
4745.0 4.568e-01
4746.0 4.599e-01
4747.0 4.594e-01
4748.0 4.734e-01
4749.0 4.580e-01
4750.0 4.540e-01
4751.0 4.471e-01
4752.0 4.340e-01
4753.0 4.519e-01
4754.0 4.474e-01
4755.0 4.645e-01
4756.0 4.661e-01
4757.0 4.622e-01
4758.0 4.606e-01
4759.0 4.556e-01
4760.0 4.564e-01
4761.0 4.629e-01
4762.0 4.478e-01
4763.0 4.609e-01
4764.0 4.751e-01
4765.0 4.809e-01
4766.0 4.663e-01
4767.0 4.756e-01
4768.0 4.911e-01
4769.0 4.956e-01
4770.0 4.778e-01
4771.0 4.864e-01
4772.0 4.622e-01
4773.0 4.743e-01
4774.0 4.780e-01
4775.0 4.780e-01
4776.0 4.584e-01
4777.0 4.660e-01
4778.0 4.457e-01
4779.0 4.445e-01
4780.0 4.507e-01
4781.0 4.548e-01
4782.0 4.636e-01
4783.0 4.675e-01
4784.0 4.510e-01
4785.0 4.553e-01
4786.0 4.669e-01
4787.0 4.488e-01
4788.0 4.566e-01
4789.0 4.689e-01
4790.0 4.636e-01
4791.0 4.442e-01
4792.0 4.542e-01
4793.0 4.403e-01
4794.0 4.475e-01
4795.0 4.668e-01
4796.0 4.687e-01
4797.0 4.570e-01
4798.0 4.506e-01
4799.0 4.786e-01
4800.0 4.518e-01
4801.0 4.478e-01
4802.0 4.542e-01
4803.0 4.471e-01
4804.0 4.608e-01
4805.0 4.569e-01
4806.0 4.557e-01
4807.0 4.665e-01
4808.0 4.618e-01
4809.0 4.521e-01
4810.0 4.493e-01
4811.0 4.461e-01
4812.0 4.431e-01
4813.0 4.532e-01
4814.0 4.684e-01
4815.0 4.525e-01
4816.0 4.409e-01
4817.0 4.425e-01
4818.0 4.395e-01
4819.0 4.493e-01
4820.0 4.393e-01
4821.0 4.129e-01
4822.0 4.450e-01
4823.0 4.716e-01
4824.0 4.541e-01
4825.0 4.385e-01
4826.0 4.404e-01
4827.0 4.546e-01
4828.0 4.538e-01
4829.0 4.495e-01
4830.0 4.500e-01
4831.0 4.503e-01
4832.0 4.530e-01
4833.0 4.335e-01
4834.0 4.372e-01
4835.0 4.536e-01
4836.0 4.467e-01
4837.0 4.237e-01
4838.0 4.441e-01
4839.0 4.267e-01
4840.0 4.280e-01
4841.0 4.474e-01
4842.0 4.274e-01
4843.0 4.158e-01
4844.0 4.232e-01
4845.0 4.586e-01
4846.0 4.590e-01
4847.0 4.308e-01
4848.0 4.497e-01
4849.0 4.382e-01
4850.0 4.427e-01
4851.0 4.291e-01
4852.0 4.443e-01
4853.0 4.498e-01
4854.0 4.255e-01
4855.0 4.356e-01
4856.0 4.640e-01
4857.0 4.280e-01
4858.0 4.277e-01
4859.0 4.475e-01
4860.0 4.425e-01
4861.0 4.386e-01
4862.0 4.398e-01
4863.0 4.569e-01
4864.0 4.458e-01
4865.0 4.597e-01
4866.0 4.412e-01
4867.0 4.232e-01
4868.0 4.535e-01
4869.0 4.544e-01
4870.0 4.280e-01
4871.0 4.507e-01
4872.0 4.594e-01
4873.0 4.287e-01
4874.0 4.416e-01
4875.0 4.721e-01
4876.0 4.380e-01
4877.0 4.250e-01
4878.0 4.581e-01
4879.0 4.611e-01
4880.0 4.424e-01
4881.0 4.406e-01
4882.0 4.363e-01
4883.0 4.288e-01
4884.0 4.450e-01
4885.0 4.526e-01
4886.0 4.581e-01
4887.0 4.390e-01
4888.0 4.500e-01
4889.0 4.430e-01
4890.0 4.500e-01
4891.0 4.610e-01
4892.0 4.476e-01
4893.0 4.379e-01
4894.0 4.628e-01
4895.0 4.559e-01
4896.0 4.359e-01
4897.0 4.182e-01
4898.0 4.184e-01
4899.0 4.485e-01
4900.0 4.608e-01
4901.0 4.376e-01
4902.0 4.344e-01
4903.0 4.233e-01
4904.0 4.107e-01
4905.0 4.063e-01
4906.0 4.170e-01
4907.0 4.210e-01
4908.0 4.350e-01
4909.0 4.139e-01
4910.0 4.039e-01
4911.0 6.843e-01
4912.0 1.151e+00
4913.0 1.263e+00
4914.0 1.169e+00
4915.0 1.197e+00
4916.0 9.880e-01
4917.0 5.790e-01
4918.0 4.007e-01
4919.0 4.303e-01
4920.0 4.150e-01
4921.0 4.247e-01
4922.0 4.273e-01
4923.0 4.279e-01
4924.0 4.190e-01
4925.0 4.324e-01
4926.0 4.169e-01
4927.0 4.219e-01
4928.0 4.096e-01
4929.0 4.200e-01
4930.0 4.328e-01
4931.0 4.239e-01
4932.0 4.240e-01
4933.0 4.233e-01
4934.0 4.274e-01
4935.0 4.376e-01
4936.0 4.321e-01
4937.0 4.443e-01
4938.0 4.238e-01
4939.0 4.274e-01
4940.0 4.440e-01
4941.0 4.427e-01
4942.0 4.313e-01
4943.0 4.260e-01
4944.0 4.362e-01
4945.0 4.363e-01
4946.0 4.315e-01
4947.0 4.383e-01
4948.0 4.369e-01
4949.0 4.591e-01
4950.0 4.467e-01
4951.0 4.287e-01
4952.0 4.359e-01
4953.0 4.441e-01
4954.0 4.607e-01
4955.0 4.756e-01
4956.0 4.637e-01
4957.0 4.468e-01
4958.0 4.513e-01
4959.0 4.527e-01
4960.0 4.543e-01
4961.0 4.543e-01
4962.0 4.501e-01
4963.0 4.587e-01
4964.0 4.449e-01
4965.0 4.680e-01
4966.0 4.483e-01
4967.0 4.582e-01
4968.0 4.604e-01
4969.0 4.407e-01
4970.0 4.659e-01
4971.0 4.574e-01
4972.0 4.468e-01
4973.0 4.335e-01
4974.0 4.471e-01
4975.0 4.359e-01
4976.0 4.521e-01
4977.0 4.350e-01
4978.0 4.423e-01
4979.0 4.407e-01
4980.0 4.422e-01
4981.0 4.538e-01
4982.0 4.548e-01
4983.0 4.742e-01
4984.0 4.635e-01
4985.0 4.590e-01
4986.0 4.392e-01
4987.0 4.616e-01
4988.0 4.626e-01
4989.0 4.603e-01
4990.0 4.427e-01
4991.0 4.273e-01
4992.0 4.479e-01
4993.0 4.482e-01
4994.0 4.477e-01
4995.0 4.495e-01
4996.0 4.634e-01
4997.0 4.544e-01
4998.0 4.366e-01
4999.0 4.455e-01
5000.0 4.356e-01
5001.0 4.423e-01
5002.0 4.532e-01
5003.0 4.502e-01
5004.0 4.661e-01
5005.0 4.690e-01
5006.0 4.371e-01
5007.0 4.300e-01
5008.0 4.630e-01
5009.0 4.605e-01
5010.0 4.636e-01
5011.0 4.938e-01
5012.0 4.953e-01
5013.0 4.905e-01
5014.0 4.943e-01
5015.0 4.766e-01
5016.0 4.438e-01
5017.0 4.431e-01
5018.0 4.363e-01
5019.0 4.265e-01
5020.0 4.225e-01
5021.0 4.290e-01
5022.0 4.255e-01
5023.0 4.382e-01
5024.0 4.267e-01
5025.0 4.224e-01
5026.0 4.487e-01
5027.0 4.418e-01
5028.0 4.417e-01
5029.0 4.349e-01
5030.0 4.463e-01
5031.0 4.377e-01
5032.0 4.282e-01
5033.0 4.435e-01
5034.0 4.515e-01
5035.0 4.416e-01
5036.0 4.286e-01
5037.0 4.303e-01
5038.0 4.263e-01
5039.0 4.307e-01
5040.0 4.189e-01
5041.0 4.391e-01
5042.0 4.514e-01
5043.0 4.244e-01
5044.0 4.204e-01
5045.0 4.566e-01
5046.0 4.354e-01
5047.0 4.488e-01
5048.0 4.416e-01
5049.0 4.364e-01
5050.0 4.461e-01
5051.0 4.517e-01
5052.0 4.398e-01
5053.0 4.410e-01
5054.0 4.322e-01
5055.0 4.566e-01
5056.0 4.476e-01
5057.0 4.087e-01
5058.0 4.879e-01
5059.0 6.469e-01
5060.0 6.776e-01
5061.0 6.214e-01
5062.0 6.303e-01
5063.0 6.287e-01
5064.0 5.131e-01
5065.0 4.787e-01
5066.0 4.746e-01
5067.0 4.679e-01
5068.0 4.702e-01
5069.0 4.646e-01
5070.0 4.582e-01
5071.0 4.700e-01
5072.0 4.774e-01
5073.0 4.643e-01
5074.0 4.837e-01
5075.0 4.799e-01
5076.0 4.637e-01
5077.0 4.636e-01
5078.0 4.583e-01
5079.0 4.624e-01
5080.0 4.757e-01
5081.0 4.731e-01
5082.0 4.693e-01
5083.0 4.543e-01
5084.0 4.516e-01
5085.0 4.607e-01
5086.0 4.749e-01
5087.0 4.873e-01
5088.0 4.887e-01
5089.0 4.760e-01
5090.0 4.677e-01
5091.0 4.531e-01
5092.0 4.786e-01
5093.0 4.821e-01
5094.0 4.587e-01
5095.0 4.679e-01
5096.0 4.737e-01
5097.0 4.635e-01
5098.0 4.914e-01
5099.0 4.853e-01
5100.0 4.609e-01
5101.0 4.722e-01
5102.0 4.786e-01
5103.0 4.895e-01
5104.0 4.765e-01
5105.0 4.581e-01
5106.0 4.768e-01
5107.0 4.874e-01
5108.0 4.778e-01
5109.0 4.653e-01
5110.0 4.839e-01
5111.0 5.037e-01
5112.0 5.102e-01
5113.0 4.872e-01
5114.0 4.929e-01
5115.0 5.065e-01
5116.0 5.105e-01
5117.0 5.018e-01
5118.0 4.986e-01
5119.0 5.069e-01
5120.0 4.945e-01
5121.0 4.972e-01
5122.0 5.088e-01
5123.0 4.973e-01
5124.0 4.973e-01
5125.0 5.089e-01
5126.0 4.993e-01
5127.0 4.985e-01
5128.0 5.039e-01
5129.0 4.954e-01
5130.0 5.090e-01
5131.0 5.097e-01
5132.0 5.060e-01
5133.0 5.090e-01
5134.0 5.043e-01
5135.0 5.124e-01
5136.0 5.217e-01
5137.0 5.049e-01
5138.0 5.155e-01
5139.0 5.294e-01
5140.0 5.218e-01
5141.0 5.184e-01
5142.0 5.233e-01
5143.0 5.170e-01
5144.0 5.165e-01
5145.0 5.311e-01
5146.0 5.204e-01
5147.0 5.160e-01
5148.0 5.344e-01
5149.0 5.389e-01
5150.0 5.150e-01
5151.0 5.235e-01
5152.0 5.171e-01
5153.0 5.421e-01
5154.0 5.126e-01
5155.0 5.108e-01
5156.0 5.292e-01
5157.0 5.467e-01
5158.0 5.254e-01
5159.0 5.357e-01
5160.0 5.274e-01
5161.0 5.326e-01
5162.0 5.219e-01
5163.0 5.033e-01
5164.0 5.313e-01
5165.0 5.382e-01
5166.0 5.028e-01
5167.0 5.320e-01
5168.0 5.226e-01
5169.0 5.207e-01
5170.0 5.359e-01
5171.0 5.426e-01
5172.0 5.343e-01
5173.0 5.314e-01
5174.0 5.371e-01
5175.0 5.314e-01
5176.0 5.269e-01
5177.0 5.353e-01
5178.0 5.431e-01
5179.0 5.354e-01
5180.0 5.259e-01
5181.0 5.188e-01
5182.0 5.266e-01
5183.0 5.323e-01
5184.0 5.120e-01
5185.0 5.191e-01
5186.0 5.352e-01
5187.0 5.309e-01
5188.0 5.487e-01
5189.0 5.593e-01
5190.0 5.411e-01
5191.0 5.349e-01
5192.0 5.279e-01
5193.0 5.412e-01
5194.0 5.501e-01
5195.0 5.225e-01
5196.0 5.355e-01
5197.0 5.709e-01
5198.0 5.580e-01
5199.0 5.414e-01
5200.0 5.446e-01
5201.0 5.579e-01
5202.0 5.544e-01
5203.0 5.490e-01
5204.0 5.452e-01
5205.0 5.469e-01
5206.0 5.568e-01
5207.0 5.475e-01
5208.0 5.471e-01
5209.0 5.446e-01
5210.0 5.428e-01
5211.0 5.637e-01
5212.0 5.474e-01
5213.0 5.631e-01
5214.0 5.700e-01
5215.0 5.679e-01
5216.0 5.653e-01
5217.0 5.680e-01
5218.0 5.758e-01
5219.0 5.861e-01
5220.0 5.536e-01
5221.0 5.553e-01
5222.0 5.628e-01
5223.0 5.613e-01
5224.0 5.770e-01
5225.0 5.559e-01
5226.0 5.371e-01
5227.0 5.387e-01
5228.0 5.694e-01
5229.0 5.658e-01
5230.0 5.650e-01
5231.0 5.599e-01
5232.0 5.829e-01
5233.0 5.901e-01
5234.0 5.719e-01
5235.0 5.816e-01
5236.0 5.781e-01
5237.0 5.686e-01
5238.0 5.747e-01
5239.0 5.823e-01
5240.0 5.803e-01
5241.0 5.831e-01
5242.0 5.763e-01
5243.0 5.669e-01
5244.0 5.760e-01
5245.0 5.753e-01
5246.0 5.720e-01
5247.0 5.671e-01
5248.0 5.729e-01
5249.0 5.933e-01
5250.0 5.879e-01
5251.0 5.898e-01
5252.0 5.966e-01
5253.0 5.906e-01
5254.0 6.067e-01
5255.0 6.096e-01
5256.0 6.212e-01
5257.0 6.272e-01
5258.0 6.158e-01
5259.0 6.248e-01
5260.0 6.052e-01
5261.0 5.922e-01
5262.0 6.022e-01
5263.0 6.068e-01
5264.0 5.928e-01
5265.0 5.925e-01
5266.0 5.840e-01
5267.0 6.006e-01
5268.0 6.132e-01
5269.0 5.986e-01
5270.0 6.083e-01
5271.0 6.211e-01
5272.0 6.089e-01
5273.0 5.934e-01
5274.0 6.073e-01
5275.0 6.146e-01
5276.0 6.188e-01
5277.0 6.235e-01
5278.0 5.901e-01
5279.0 5.949e-01
5280.0 6.077e-01
5281.0 6.157e-01
5282.0 6.186e-01
5283.0 6.080e-01
5284.0 6.252e-01
5285.0 5.973e-01
5286.0 5.762e-01
5287.0 6.284e-01
5288.0 6.462e-01
5289.0 6.314e-01
5290.0 6.122e-01
5291.0 6.088e-01
5292.0 6.174e-01
5293.0 6.011e-01
5294.0 6.223e-01
5295.0 6.160e-01
5296.0 6.295e-01
5297.0 6.298e-01
5298.0 6.158e-01
5299.0 6.255e-01
5300.0 6.362e-01
5301.0 5.962e-01
5302.0 6.020e-01
5303.0 6.251e-01
5304.0 6.142e-01
5305.0 6.117e-01
5306.0 6.132e-01
5307.0 6.325e-01
5308.0 6.171e-01
5309.0 6.216e-01
5310.0 6.097e-01
5311.0 6.159e-01
5312.0 6.116e-01
5313.0 6.205e-01
5314.0 6.189e-01
5315.0 6.368e-01
5316.0 6.287e-01
5317.0 6.226e-01
5318.0 6.471e-01
5319.0 6.216e-01
5320.0 6.181e-01
5321.0 6.180e-01
5322.0 6.226e-01
5323.0 6.360e-01
5324.0 6.364e-01
5325.0 6.273e-01
5326.0 6.392e-01
5327.0 6.376e-01
5328.0 6.199e-01
5329.0 6.404e-01
5330.0 6.481e-01
5331.0 6.400e-01
5332.0 6.352e-01
5333.0 6.525e-01
5334.0 6.490e-01
5335.0 6.576e-01
5336.0 6.405e-01
5337.0 6.324e-01
5338.0 6.538e-01
5339.0 6.644e-01
5340.0 6.468e-01
5341.0 6.535e-01
5342.0 6.365e-01
5343.0 6.473e-01
5344.0 6.738e-01
5345.0 6.596e-01
5346.0 6.532e-01
5347.0 6.708e-01
5348.0 6.658e-01
5349.0 6.635e-01
5350.0 6.856e-01
5351.0 6.684e-01
5352.0 6.794e-01
5353.0 6.876e-01
5354.0 6.833e-01
5355.0 6.752e-01
5356.0 6.861e-01
5357.0 6.714e-01
5358.0 6.668e-01
5359.0 6.970e-01
5360.0 6.856e-01
5361.0 7.024e-01
5362.0 7.004e-01
5363.0 6.777e-01
5364.0 6.998e-01
5365.0 6.930e-01
5366.0 6.858e-01
5367.0 6.907e-01
5368.0 6.982e-01
5369.0 6.998e-01
5370.0 6.973e-01
5371.0 7.216e-01
5372.0 7.151e-01
5373.0 6.856e-01
5374.0 6.876e-01
5375.0 6.943e-01
5376.0 6.975e-01
5377.0 7.037e-01
5378.0 7.133e-01
5379.0 7.250e-01
5380.0 7.171e-01
5381.0 7.189e-01
5382.0 7.111e-01
5383.0 6.935e-01
5384.0 6.985e-01
5385.0 7.263e-01
5386.0 7.056e-01
5387.0 6.996e-01
5388.0 7.154e-01
5389.0 7.266e-01
5390.0 7.177e-01
5391.0 7.125e-01
5392.0 7.260e-01
5393.0 7.228e-01
5394.0 7.150e-01
5395.0 7.240e-01
5396.0 7.263e-01
5397.0 7.250e-01
5398.0 7.196e-01
5399.0 7.150e-01
5400.0 7.217e-01
5401.0 7.228e-01
5402.0 7.383e-01
5403.0 7.279e-01
5404.0 7.221e-01
5405.0 7.287e-01
5406.0 7.017e-01
5407.0 7.106e-01
5408.0 7.333e-01
5409.0 7.189e-01
5410.0 7.161e-01
5411.0 7.337e-01
5412.0 7.212e-01
5413.0 7.078e-01
5414.0 7.183e-01
5415.0 7.285e-01
5416.0 7.471e-01
5417.0 7.416e-01
5418.0 7.299e-01
5419.0 7.445e-01
5420.0 7.322e-01
5421.0 7.282e-01
5422.0 7.216e-01
5423.0 7.266e-01
5424.0 7.343e-01
5425.0 7.296e-01
5426.0 7.218e-01
5427.0 7.304e-01
5428.0 7.380e-01
5429.0 7.384e-01
5430.0 7.264e-01
5431.0 7.411e-01
5432.0 7.386e-01
5433.0 7.311e-01
5434.0 7.437e-01
5435.0 7.399e-01
5436.0 7.577e-01
5437.0 7.387e-01
5438.0 7.475e-01
5439.0 7.561e-01
5440.0 7.542e-01
5441.0 7.453e-01
5442.0 7.341e-01
5443.0 7.462e-01
5444.0 7.570e-01
5445.0 7.376e-01
5446.0 7.221e-01
5447.0 7.353e-01
5448.0 7.439e-01
5449.0 7.420e-01
5450.0 7.448e-01
5451.0 7.385e-01
5452.0 7.532e-01
5453.0 7.597e-01
5454.0 7.476e-01
5455.0 7.543e-01
5456.0 7.485e-01
5457.0 7.593e-01
5458.0 7.579e-01
5459.0 7.429e-01
5460.0 7.570e-01
5461.0 7.628e-01
5462.0 7.532e-01
5463.0 7.483e-01
5464.0 7.448e-01
5465.0 7.484e-01
5466.0 7.390e-01
5467.0 7.440e-01
5468.0 7.406e-01
5469.0 7.432e-01
5470.0 7.553e-01
5471.0 7.573e-01
5472.0 7.484e-01
5473.0 7.498e-01
5474.0 7.444e-01
5475.0 7.519e-01
5476.0 7.479e-01
5477.0 7.574e-01
5478.0 7.593e-01
5479.0 7.562e-01
5480.0 7.632e-01
5481.0 7.467e-01
5482.0 7.493e-01
5483.0 7.418e-01
5484.0 7.624e-01
5485.0 7.556e-01
5486.0 7.526e-01
5487.0 7.448e-01
5488.0 7.435e-01
5489.0 7.482e-01
5490.0 7.384e-01
5491.0 7.429e-01
5492.0 7.462e-01
5493.0 7.202e-01
5494.0 7.409e-01
5495.0 7.360e-01
5496.0 7.339e-01
5497.0 7.458e-01
5498.0 7.385e-01
5499.0 7.380e-01
5601.0 7.256e-01
5602.0 7.425e-01
5603.0 7.080e-01
5604.0 6.717e-01
5605.0 6.930e-01
5606.0 7.151e-01
5607.0 7.245e-01
5608.0 7.545e-01
5609.0 7.677e-01
5610.0 7.992e-01
5611.0 7.978e-01
5612.0 8.089e-01
5613.0 7.924e-01
5614.0 8.082e-01
5615.0 8.454e-01
5616.0 8.684e-01
5617.0 8.192e-01
5618.0 8.164e-01
5619.0 8.390e-01
5620.0 8.834e-01
5621.0 8.843e-01
5622.0 8.557e-01
5623.0 9.048e-01
5624.0 8.894e-01
5625.0 8.770e-01
5626.0 8.629e-01
5627.0 8.844e-01
5628.0 8.700e-01
5629.0 8.568e-01
5630.0 8.503e-01
5631.0 8.901e-01
5632.0 9.138e-01
5633.0 9.068e-01
5634.0 8.778e-01
5635.0 8.484e-01
5636.0 8.534e-01
5637.0 8.607e-01
5638.0 8.284e-01
5639.0 8.290e-01
5640.0 8.448e-01
5641.0 8.576e-01
5642.0 8.761e-01
5643.0 8.562e-01
5644.0 8.564e-01
5645.0 8.700e-01
5646.0 8.498e-01
5647.0 8.521e-01
5648.0 8.549e-01
5649.0 8.659e-01
5650.0 8.643e-01
5651.0 8.464e-01
5652.0 8.663e-01
5653.0 8.963e-01
5654.0 8.787e-01
5655.0 8.659e-01
5656.0 8.452e-01
5657.0 8.242e-01
5658.0 8.517e-01
5659.0 8.848e-01
5660.0 8.966e-01
5661.0 8.663e-01
5662.0 8.423e-01
5663.0 8.414e-01
5664.0 8.639e-01
5665.0 8.718e-01
5666.0 8.827e-01
5667.0 8.771e-01
5668.0 8.808e-01
5669.0 8.678e-01
5670.0 8.657e-01
5671.0 8.894e-01
5672.0 8.866e-01
5673.0 8.758e-01
5674.0 8.700e-01
5675.0 8.512e-01
5676.0 8.739e-01
5677.0 8.413e-01
5678.0 8.355e-01
5679.0 8.512e-01
5680.0 8.805e-01
5681.0 8.946e-01
5682.0 9.017e-01
5683.0 8.766e-01
5684.0 8.952e-01
5685.0 8.942e-01
5686.0 9.127e-01
5687.0 8.933e-01
5688.0 8.764e-01
5689.0 8.770e-01
5690.0 8.894e-01
5691.0 9.028e-01
5692.0 8.901e-01
5693.0 8.956e-01
5694.0 8.696e-01
5695.0 8.719e-01
5696.0 8.979e-01
5697.0 8.763e-01
5698.0 8.834e-01
5699.0 8.859e-01
5700.0 8.915e-01
5701.0 8.956e-01
5702.0 8.847e-01
5703.0 8.955e-01
5704.0 8.745e-01
5705.0 8.508e-01
5706.0 8.359e-01
5707.0 8.275e-01
5708.0 8.534e-01
5709.0 8.722e-01
5710.0 8.901e-01
5711.0 9.175e-01
5712.0 9.111e-01
5713.0 8.960e-01
5714.0 9.080e-01
5715.0 9.016e-01
5716.0 8.793e-01
5717.0 8.841e-01
5718.0 8.836e-01
5719.0 8.969e-01
5720.0 8.638e-01
5721.0 8.663e-01
5722.0 8.826e-01
5723.0 8.877e-01
5724.0 8.815e-01
5725.0 8.627e-01
5726.0 8.966e-01
5727.0 9.131e-01
5728.0 9.079e-01
5729.0 8.869e-01
5730.0 9.056e-01
5731.0 9.365e-01
5732.0 9.255e-01
5733.0 9.209e-01
5734.0 9.433e-01
5735.0 9.441e-01
5736.0 9.483e-01
5737.0 9.452e-01
5738.0 9.161e-01
5739.0 8.989e-01
5740.0 8.999e-01
5741.0 9.048e-01
5742.0 8.895e-01
5743.0 8.840e-01
5744.0 9.136e-01
5745.0 9.415e-01
5746.0 9.264e-01
5747.0 9.207e-01
5748.0 9.368e-01
5749.0 9.399e-01
5750.0 9.188e-01
5751.0 9.148e-01
5752.0 9.121e-01
5753.0 9.403e-01
5754.0 9.288e-01
5755.0 9.085e-01
5756.0 9.240e-01
5757.0 9.619e-01
5758.0 9.360e-01
5759.0 8.957e-01
5760.0 9.173e-01
5761.0 9.330e-01
5762.0 9.324e-01
5763.0 9.421e-01
5764.0 9.703e-01
5765.0 9.589e-01
5766.0 9.514e-01
5767.0 9.385e-01
5768.0 9.478e-01
5769.0 9.530e-01
5770.0 9.251e-01
5771.0 9.370e-01
5772.0 9.605e-01
5773.0 1.000e+00
5774.0 9.833e-01
5775.0 9.639e-01
5776.0 9.242e-01
5777.0 9.880e-01
5778.0 1.032e+00
5779.0 9.974e-01
5780.0 1.001e+00
5781.0 9.820e-01
5782.0 1.015e+00
5783.0 9.794e-01
5784.0 9.580e-01
5785.0 9.560e-01
5786.0 9.975e-01
5787.0 9.998e-01
5788.0 9.999e-01
5789.0 1.008e+00
5790.0 1.028e+00
5791.0 1.038e+00
5792.0 1.051e+00
5793.0 1.031e+00
5794.0 1.017e+00
5795.0 1.025e+00
5796.0 1.025e+00
5797.0 1.033e+00
5798.0 1.041e+00
5799.0 1.053e+00
5800.0 1.074e+00
5801.0 1.042e+00
5802.0 1.050e+00
5803.0 1.050e+00
5804.0 1.073e+00
5805.0 1.113e+00
5806.0 1.109e+00
5807.0 1.104e+00
5808.0 1.079e+00
5809.0 1.055e+00
5810.0 1.080e+00
5811.0 1.118e+00
5812.0 1.092e+00
5813.0 1.069e+00
5814.0 1.068e+00
5815.0 1.088e+00
5816.0 1.124e+00
5817.0 1.135e+00
5818.0 1.143e+00
5819.0 1.124e+00
5820.0 1.121e+00
5821.0 1.107e+00
5822.0 1.103e+00
5823.0 1.095e+00
5824.0 1.092e+00
5825.0 1.086e+00
5826.0 1.082e+00
5827.0 1.120e+00
5828.0 1.134e+00
5829.0 1.154e+00
5830.0 1.149e+00
5831.0 1.168e+00
5832.0 1.179e+00
5833.0 1.153e+00
5834.0 1.108e+00
5835.0 1.122e+00
5836.0 1.117e+00
5837.0 1.139e+00
5838.0 1.145e+00
5839.0 1.137e+00
5840.0 1.133e+00
5841.0 1.145e+00
5842.0 1.172e+00
5843.0 1.162e+00
5844.0 1.126e+00
5845.0 1.100e+00
5846.0 1.119e+00
5847.0 1.122e+00
5848.0 1.128e+00
5849.0 1.106e+00
5850.0 1.114e+00
5851.0 1.141e+00
5852.0 1.141e+00
5853.0 1.144e+00
5854.0 1.169e+00
5855.0 1.163e+00
5856.0 1.142e+00
5857.0 1.109e+00
5858.0 1.142e+00
5859.0 1.152e+00
5860.0 1.130e+00
5861.0 1.144e+00
5862.0 1.151e+00
5863.0 1.152e+00
5864.0 1.159e+00
5865.0 1.156e+00
5866.0 1.165e+00
5867.0 1.178e+00
5868.0 1.154e+00
5869.0 1.153e+00
5870.0 1.127e+00
5871.0 1.182e+00
5872.0 1.195e+00
5873.0 1.191e+00
5874.0 1.155e+00
5875.0 1.092e+00
5876.0 1.097e+00
5877.0 1.165e+00
5878.0 1.171e+00
5879.0 1.159e+00
5880.0 1.133e+00
5881.0 1.146e+00
5882.0 1.173e+00
5883.0 1.154e+00
5884.0 1.111e+00
5885.0 1.107e+00
5886.0 1.130e+00
5887.0 1.120e+00
5888.0 1.115e+00
5889.0 1.123e+00
5890.0 1.130e+00
5891.0 1.117e+00
5892.0 1.131e+00
5893.0 1.091e+00
5894.0 1.096e+00
5895.0 1.081e+00
5896.0 1.054e+00
5897.0 1.007e+00
5898.0 1.034e+00
5899.0 1.104e+00
5900.0 1.138e+00
5901.0 1.109e+00
5902.0 1.073e+00
5903.0 1.070e+00
5904.0 1.115e+00
5905.0 1.149e+00
5906.0 1.161e+00
5907.0 1.170e+00
5908.0 1.175e+00
5909.0 1.171e+00
5910.0 1.181e+00
5911.0 1.161e+00
5912.0 1.128e+00
5913.0 1.150e+00
5914.0 1.184e+00
5915.0 1.180e+00
5916.0 1.170e+00
5917.0 1.176e+00
5918.0 1.160e+00
5919.0 1.171e+00
5920.0 1.171e+00
5921.0 1.170e+00
5922.0 1.139e+00
5923.0 1.149e+00
5924.0 1.175e+00
5925.0 1.177e+00
5926.0 1.179e+00
5927.0 1.159e+00
5928.0 1.186e+00
5929.0 1.186e+00
5930.0 1.164e+00
5931.0 1.160e+00
5932.0 1.177e+00
5933.0 1.191e+00
5934.0 1.207e+00
5935.0 1.232e+00
5936.0 1.244e+00
5937.0 1.248e+00
5938.0 1.235e+00
5939.0 1.195e+00
5940.0 1.194e+00
5941.0 1.229e+00
5942.0 1.256e+00
5943.0 1.259e+00
5944.0 1.221e+00
5945.0 1.173e+00
5946.0 1.143e+00
5947.0 1.133e+00
5948.0 1.113e+00
5949.0 1.078e+00
5950.0 1.041e+00
5951.0 1.041e+00
5952.0 1.047e+00
5953.0 1.045e+00
5954.0 1.024e+00
5955.0 9.973e-01
5956.0 9.839e-01
5957.0 1.005e+00
5958.0 1.047e+00
5959.0 1.102e+00
5960.0 1.090e+00
5961.0 1.073e+00
5962.0 1.066e+00
5963.0 1.106e+00
5964.0 1.161e+00
5965.0 1.206e+00
5966.0 1.203e+00
5967.0 1.208e+00
5968.0 1.226e+00
5969.0 1.193e+00
5970.0 1.169e+00
5971.0 1.186e+00
5972.0 1.183e+00
5973.0 1.153e+00
5974.0 1.157e+00
5975.0 1.193e+00
5976.0 1.226e+00
5977.0 1.203e+00
5978.0 1.177e+00
5979.0 1.212e+00
5980.0 1.219e+00
5981.0 1.212e+00
5982.0 1.191e+00
5983.0 1.181e+00
5984.0 1.189e+00
5985.0 1.201e+00
5986.0 1.219e+00
5987.0 1.228e+00
5988.0 1.193e+00
5989.0 1.213e+00
5990.0 1.228e+00
5991.0 1.205e+00
5992.0 1.173e+00
5993.0 1.197e+00
5994.0 1.196e+00
5995.0 1.189e+00
5996.0 1.188e+00
5997.0 1.190e+00
5998.0 1.197e+00
5999.0 1.195e+00
6000.0 1.155e+00
6001.0 1.165e+00
6002.0 1.175e+00
6003.0 1.193e+00
6004.0 1.174e+00
6005.0 1.176e+00
6006.0 1.165e+00
6007.0 1.182e+00
6008.0 1.173e+00
6009.0 1.172e+00
6010.0 1.180e+00
6011.0 1.176e+00
6012.0 1.191e+00
6013.0 1.187e+00
6014.0 1.188e+00
6015.0 1.202e+00
6016.0 1.155e+00
6017.0 1.184e+00
6018.0 1.193e+00
6019.0 1.207e+00
6020.0 1.182e+00
6021.0 1.161e+00
6022.0 1.180e+00
6023.0 1.207e+00
6024.0 1.183e+00
6025.0 1.177e+00
6026.0 1.181e+00
6027.0 1.200e+00
6028.0 1.194e+00
6029.0 1.194e+00
6030.0 1.198e+00
6031.0 1.177e+00
6032.0 1.200e+00
6033.0 1.198e+00
6034.0 1.173e+00
6035.0 1.160e+00
6036.0 1.172e+00
6037.0 1.182e+00
6038.0 1.163e+00
6039.0 1.150e+00
6040.0 1.162e+00
6041.0 1.176e+00
6042.0 1.174e+00
6043.0 1.166e+00
6044.0 1.168e+00
6045.0 1.139e+00
6046.0 1.118e+00
6047.0 1.151e+00
6048.0 1.171e+00
6049.0 1.174e+00
6050.0 1.164e+00
6051.0 1.153e+00
6052.0 1.149e+00
6053.0 1.152e+00
6054.0 1.160e+00
6055.0 1.113e+00
6056.0 1.112e+00
6057.0 1.132e+00
6058.0 1.123e+00
6059.0 1.127e+00
6060.0 1.122e+00
6061.0 1.145e+00
6062.0 1.150e+00
6063.0 1.111e+00
6064.0 1.089e+00
6065.0 1.104e+00
6066.0 1.130e+00
6067.0 1.118e+00
6068.0 1.135e+00
6069.0 1.127e+00
6070.0 1.118e+00
6071.0 1.117e+00
6072.0 1.115e+00
6073.0 1.077e+00
6074.0 1.051e+00
6075.0 1.054e+00
6076.0 1.065e+00
6077.0 1.079e+00
6078.0 1.086e+00
6079.0 1.088e+00
6080.0 1.093e+00
6081.0 1.096e+00
6082.0 1.070e+00
6083.0 1.067e+00
6084.0 1.097e+00
6085.0 1.092e+00
6086.0 1.077e+00
6087.0 1.057e+00
6088.0 1.057e+00
6089.0 1.053e+00
6090.0 1.075e+00
6091.0 1.084e+00
6092.0 1.108e+00
6093.0 1.109e+00
6094.0 1.101e+00
6095.0 1.084e+00
6096.0 1.071e+00
6097.0 1.062e+00
6098.0 1.059e+00
6099.0 1.080e+00
6100.0 1.099e+00
6101.0 1.108e+00
6102.0 1.108e+00
6103.0 1.111e+00
6104.0 1.106e+00
6105.0 1.111e+00
6106.0 1.104e+00
6107.0 1.099e+00
6108.0 1.064e+00
6109.0 1.064e+00
6110.0 1.087e+00
6111.0 1.092e+00
6112.0 1.083e+00
6113.0 1.095e+00
6114.0 1.107e+00
6115.0 1.094e+00
6116.0 1.113e+00
6117.0 1.096e+00
6118.0 1.088e+00
6119.0 1.087e+00
6120.0 1.094e+00
6121.0 1.100e+00
6122.0 1.108e+00
6123.0 1.092e+00
6124.0 1.081e+00
6125.0 1.086e+00
6126.0 1.080e+00
6127.0 1.086e+00
6128.0 1.075e+00
6129.0 1.085e+00
6130.0 1.067e+00
6131.0 1.081e+00
6132.0 1.091e+00
6133.0 1.106e+00
6134.0 1.098e+00
6135.0 1.087e+00
6136.0 1.074e+00
6137.0 1.084e+00
6138.0 1.126e+00
6139.0 1.128e+00
6140.0 1.067e+00
6141.0 1.083e+00
6142.0 1.109e+00
6143.0 1.113e+00
6144.0 1.111e+00
6145.0 1.098e+00
6146.0 1.094e+00
6147.0 1.098e+00
6148.0 1.107e+00
6149.0 1.101e+00
6150.0 1.102e+00
6151.0 1.092e+00
6152.0 1.089e+00
6153.0 1.092e+00
6154.0 1.096e+00
6155.0 1.089e+00
6156.0 1.100e+00
6157.0 1.124e+00
6158.0 1.108e+00
6159.0 1.092e+00
6160.0 1.108e+00
6161.0 1.101e+00
6162.0 1.118e+00
6163.0 1.116e+00
6164.0 1.109e+00
6165.0 1.100e+00
6166.0 1.098e+00
6167.0 1.106e+00
6168.0 1.113e+00
6169.0 1.109e+00
6170.0 1.111e+00
6171.0 1.157e+00
6172.0 1.136e+00
6173.0 1.104e+00
6174.0 1.101e+00
6175.0 1.113e+00
6176.0 1.115e+00
6177.0 1.112e+00
6178.0 1.114e+00
6179.0 1.135e+00
6180.0 1.116e+00
6181.0 1.116e+00
6182.0 1.130e+00
6183.0 1.137e+00
6184.0 1.133e+00
6185.0 1.110e+00
6186.0 1.105e+00
6187.0 1.110e+00
6188.0 1.133e+00
6189.0 1.151e+00
6190.0 1.138e+00
6191.0 1.117e+00
6192.0 1.138e+00
6193.0 1.152e+00
6194.0 1.153e+00
6195.0 1.126e+00
6196.0 1.133e+00
6197.0 1.156e+00
6198.0 1.139e+00
6199.0 1.121e+00
6200.0 1.139e+00
6201.0 1.144e+00
6202.0 1.163e+00
6203.0 1.158e+00
6204.0 1.150e+00
6205.0 1.168e+00
6206.0 1.168e+00
6207.0 1.159e+00
6208.0 1.169e+00
6209.0 1.167e+00
6210.0 1.163e+00
6211.0 1.192e+00
6212.0 1.181e+00
6213.0 1.176e+00
6214.0 1.184e+00
6215.0 1.205e+00
6216.0 1.196e+00
6217.0 1.181e+00
6218.0 1.187e+00
6219.0 1.159e+00
6220.0 1.159e+00
6221.0 1.170e+00
6222.0 1.168e+00
6223.0 1.203e+00
6224.0 1.216e+00
6225.0 1.196e+00
6226.0 1.208e+00
6227.0 1.212e+00
6228.0 1.203e+00
6229.0 1.179e+00
6230.0 1.153e+00
6231.0 1.162e+00
6232.0 1.189e+00
6233.0 1.221e+00
6234.0 1.239e+00
6235.0 1.243e+00
6236.0 1.224e+00
6237.0 1.189e+00
6238.0 1.183e+00
6239.0 1.209e+00
6240.0 1.201e+00
6241.0 1.185e+00
6242.0 1.166e+00
6243.0 1.151e+00
6244.0 1.150e+00
6245.0 1.168e+00
6246.0 1.169e+00
6247.0 1.166e+00
6248.0 1.140e+00
6249.0 1.166e+00
6250.0 1.177e+00
6251.0 1.177e+00
6252.0 1.193e+00
6253.0 1.188e+00
6254.0 1.167e+00
6255.0 1.153e+00
6256.0 1.179e+00
6257.0 1.211e+00
6258.0 1.178e+00
6259.0 1.160e+00
6260.0 1.125e+00
6261.0 1.106e+00
6262.0 1.112e+00
6263.0 1.144e+00
6264.0 1.150e+00
6265.0 1.112e+00
6266.0 1.104e+00
6267.0 1.122e+00
6268.0 1.126e+00
6269.0 1.116e+00
6270.0 1.118e+00
6271.0 1.089e+00
6272.0 1.067e+00
6273.0 1.100e+00
6274.0 1.107e+00
6275.0 1.091e+00
6276.0 1.067e+00
6277.0 1.076e+00
6278.0 1.084e+00
6279.0 1.081e+00
6280.0 1.086e+00
6281.0 1.053e+00
6282.0 1.028e+00
6283.0 1.023e+00
6284.0 1.065e+00
6285.0 1.099e+00
6286.0 1.086e+00
6287.0 1.076e+00
6288.0 1.090e+00
6289.0 1.101e+00
6290.0 1.101e+00
6291.0 1.100e+00
6292.0 1.099e+00
6293.0 1.079e+00
6294.0 1.046e+00
6295.0 1.087e+00
6296.0 1.139e+00
6297.0 1.150e+00
6298.0 1.169e+00
6299.0 1.210e+00
6300.0 1.195e+00
6301.0 1.145e+00
6302.0 1.100e+00
6303.0 1.041e+00
6304.0 1.097e+00
6305.0 1.147e+00
6306.0 1.095e+00
6307.0 9.762e-01
6308.0 9.678e-01
6309.0 1.017e+00
6310.0 1.065e+00
6311.0 1.065e+00
6312.0 1.061e+00
6313.0 1.056e+00
6314.0 9.859e-01
6315.0 1.024e+00
6316.0 1.064e+00
6317.0 1.056e+00
6318.0 1.035e+00
6319.0 1.036e+00
6320.0 1.062e+00
6321.0 1.061e+00
6322.0 1.020e+00
6323.0 1.021e+00
6324.0 1.048e+00
6325.0 1.057e+00
6326.0 1.070e+00
6327.0 1.039e+00
6328.0 1.022e+00
6329.0 1.010e+00
6330.0 9.961e-01
6331.0 9.917e-01
6332.0 9.953e-01
6333.0 1.025e+00
6334.0 1.055e+00
6335.0 1.036e+00
6336.0 9.938e-01
6337.0 9.690e-01
6338.0 9.848e-01
6339.0 9.947e-01
6340.0 1.002e+00
6341.0 9.914e-01
6342.0 9.800e-01
6343.0 1.009e+00
6344.0 1.013e+00
6345.0 1.004e+00
6346.0 1.009e+00
6347.0 9.873e-01
6348.0 9.883e-01
6349.0 9.718e-01
6350.0 9.885e-01
6351.0 9.740e-01
6352.0 9.653e-01
6353.0 9.551e-01
6354.0 9.663e-01
6355.0 9.871e-01
6356.0 9.672e-01
6357.0 9.841e-01
6358.0 9.721e-01
6359.0 9.726e-01
6360.0 9.936e-01
6361.0 1.010e+00
6362.0 1.007e+00
6363.0 1.034e+00
6364.0 1.026e+00
6365.0 1.004e+00
6366.0 1.053e+00
6367.0 1.058e+00
6368.0 1.041e+00
6369.0 1.031e+00
6370.0 1.021e+00
6371.0 1.022e+00
6372.0 1.013e+00
6373.0 1.004e+00
6374.0 9.728e-01
6375.0 9.535e-01
6376.0 9.587e-01
6377.0 9.655e-01
6378.0 9.742e-01
6379.0 9.604e-01
6380.0 9.480e-01
6381.0 9.514e-01
6382.0 9.891e-01
6383.0 9.672e-01
6384.0 9.855e-01
6385.0 9.742e-01
6386.0 9.491e-01
6387.0 9.393e-01
6388.0 9.442e-01
6389.0 9.266e-01
6390.0 9.534e-01
6391.0 9.675e-01
6392.0 9.693e-01
6393.0 9.523e-01
6394.0 9.615e-01
6395.0 9.600e-01
6396.0 9.568e-01
6397.0 9.586e-01
6398.0 9.578e-01
6399.0 9.413e-01
6400.0 9.418e-01
6401.0 9.414e-01
6402.0 9.556e-01
6403.0 9.504e-01
6404.0 9.407e-01
6405.0 9.397e-01
6406.0 9.480e-01
6407.0 9.558e-01
6408.0 9.518e-01
6409.0 9.375e-01
6410.0 9.382e-01
6411.0 9.487e-01
6412.0 9.751e-01
6413.0 9.708e-01
6414.0 9.397e-01
6415.0 9.282e-01
6416.0 9.325e-01
6417.0 9.377e-01
6418.0 9.298e-01
6419.0 9.213e-01
6420.0 9.319e-01
6421.0 9.395e-01
6422.0 9.403e-01
6423.0 9.372e-01
6424.0 9.518e-01
6425.0 9.381e-01
6426.0 9.298e-01
6427.0 9.373e-01
6428.0 9.448e-01
6429.0 9.574e-01
6430.0 9.782e-01
6431.0 9.721e-01
6432.0 9.768e-01
6433.0 9.501e-01
6434.0 9.716e-01
6435.0 9.837e-01
6436.0 9.865e-01
6437.0 9.664e-01
6438.0 9.369e-01
6439.0 9.482e-01
6440.0 9.515e-01
6441.0 9.672e-01
6442.0 9.448e-01
6443.0 9.363e-01
6444.0 9.310e-01
6445.0 9.533e-01
6446.0 9.589e-01
6447.0 9.427e-01
6448.0 9.570e-01
6449.0 9.538e-01
6450.0 9.551e-01
6451.0 9.498e-01
6452.0 9.473e-01
6453.0 9.494e-01
6454.0 9.482e-01
6455.0 9.600e-01
6456.0 9.669e-01
6457.0 9.615e-01
6458.0 9.493e-01
6459.0 9.384e-01
6460.0 9.500e-01
6461.0 9.558e-01
6462.0 9.643e-01
6463.0 9.592e-01
6464.0 9.656e-01
6465.0 9.705e-01
6466.0 9.849e-01
6467.0 9.579e-01
6468.0 9.597e-01
6469.0 1.006e+00
6470.0 1.016e+00
6471.0 9.873e-01
6472.0 9.738e-01
6473.0 9.816e-01
6474.0 9.872e-01
6475.0 9.956e-01
6476.0 9.847e-01
6477.0 9.971e-01
6478.0 9.830e-01
6479.0 9.644e-01
6480.0 9.783e-01
6481.0 9.829e-01
6482.0 9.877e-01
6483.0 1.001e+00
6484.0 1.011e+00
6485.0 1.018e+00
6486.0 1.013e+00
6487.0 9.903e-01
6488.0 9.956e-01
6489.0 9.934e-01
6490.0 9.990e-01
6491.0 1.003e+00
6492.0 1.002e+00
6493.0 1.002e+00
6494.0 1.005e+00
6495.0 9.955e-01
6496.0 1.001e+00
6497.0 1.021e+00
6498.0 1.019e+00
6499.0 1.008e+00
6500.0 9.822e-01
6501.0 9.836e-01
6502.0 1.009e+00
6503.0 1.045e+00
6504.0 1.066e+00
6505.0 1.021e+00
6506.0 9.839e-01
6507.0 9.989e-01
6508.0 1.025e+00
6509.0 1.012e+00
6510.0 1.003e+00
6511.0 1.017e+00
6512.0 1.016e+00
6513.0 1.027e+00
6514.0 1.015e+00
6515.0 1.020e+00
6516.0 1.011e+00
6517.0 1.024e+00
6518.0 1.025e+00
6519.0 1.015e+00
6520.0 1.014e+00
6521.0 1.025e+00
6522.0 1.036e+00
6523.0 1.018e+00
6524.0 1.042e+00
6525.0 1.043e+00
6526.0 1.044e+00
6527.0 1.039e+00
6528.0 1.050e+00
6529.0 1.035e+00
6530.0 1.012e+00
6531.0 1.012e+00
6532.0 1.036e+00
6533.0 1.069e+00
6534.0 1.083e+00
6535.0 1.058e+00
6536.0 1.053e+00
6537.0 1.067e+00
6538.0 1.071e+00
6539.0 1.059e+00
6540.0 1.028e+00
6541.0 1.035e+00
6542.0 1.077e+00
6543.0 1.080e+00
6544.0 1.064e+00
6545.0 1.057e+00
6546.0 1.084e+00
6547.0 1.088e+00
6548.0 1.087e+00
6549.0 1.061e+00
6550.0 1.052e+00
6551.0 1.054e+00
6552.0 1.099e+00
6553.0 1.127e+00
6554.0 1.109e+00
6555.0 1.088e+00
6556.0 1.089e+00
6557.0 1.101e+00
6558.0 1.130e+00
6559.0 1.122e+00
6560.0 1.099e+00
6561.0 1.092e+00
6562.0 1.120e+00
6563.0 1.127e+00
6564.0 1.108e+00
6565.0 1.101e+00
6566.0 1.101e+00
6567.0 1.093e+00
6568.0 1.110e+00
6569.0 1.109e+00
6570.0 1.121e+00
6571.0 1.119e+00
6572.0 1.121e+00
6573.0 1.127e+00
6574.0 1.139e+00
6575.0 1.143e+00
6576.0 1.136e+00
6577.0 1.151e+00
6578.0 1.161e+00
6579.0 1.186e+00
6580.0 1.157e+00
6581.0 1.188e+00
6582.0 1.197e+00
6583.0 1.189e+00
6584.0 1.152e+00
6585.0 1.139e+00
6586.0 1.146e+00
6587.0 1.168e+00
6588.0 1.171e+00
6589.0 1.166e+00
6590.0 1.168e+00
6591.0 1.159e+00
6592.0 1.159e+00
6593.0 1.160e+00
6594.0 1.173e+00
6595.0 1.195e+00
6596.0 1.184e+00
6597.0 1.176e+00
6598.0 1.190e+00
6599.0 1.206e+00
6600.0 1.207e+00
6601.0 1.178e+00
6602.0 1.178e+00
6603.0 1.205e+00
6604.0 1.187e+00
6605.0 1.188e+00
6606.0 1.185e+00
6607.0 1.215e+00
6608.0 1.219e+00
6609.0 1.205e+00
6610.0 1.210e+00
6611.0 1.201e+00
6612.0 1.197e+00
6613.0 1.207e+00
6614.0 1.276e+00
6615.0 1.390e+00
6616.0 1.527e+00
6617.0 1.590e+00
6618.0 1.548e+00
6619.0 1.493e+00
6620.0 1.462e+00
6621.0 1.479e+00
6622.0 1.486e+00
6623.0 1.402e+00
6624.0 1.311e+00
6625.0 1.286e+00
6626.0 1.180e+00
6627.0 1.034e+00
6628.0 1.418e+00
6629.0 2.817e+00
6630.0 4.936e+00
6631.0 6.654e+00
6632.0 7.114e+00
6633.0 6.682e+00
6634.0 6.180e+00
6635.0 5.858e+00
6636.0 5.556e+00
6637.0 4.743e+00
6638.0 3.256e+00
6639.0 1.883e+00
6640.0 1.311e+00
6641.0 1.213e+00
6642.0 1.220e+00
6643.0 1.222e+00
6644.0 1.205e+00
6645.0 1.202e+00
6646.0 1.217e+00
6647.0 1.213e+00
6648.0 1.169e+00
6649.0 1.175e+00
6650.0 1.573e+00
6651.0 2.310e+00
6652.0 2.813e+00
6653.0 2.860e+00
6654.0 2.694e+00
6655.0 2.543e+00
6656.0 2.461e+00
6657.0 2.374e+00
6658.0 2.149e+00
6659.0 1.770e+00
6660.0 1.432e+00
6661.0 1.241e+00
6662.0 1.195e+00
6663.0 1.206e+00
6664.0 1.210e+00
6665.0 1.200e+00
6666.0 1.194e+00
6667.0 1.211e+00
6668.0 1.205e+00
6669.0 1.189e+00
6670.0 1.194e+00
6671.0 1.195e+00
6672.0 1.223e+00
6673.0 1.223e+00
6674.0 1.237e+00
6675.0 1.212e+00
6676.0 1.188e+00
6677.0 1.216e+00
6678.0 1.215e+00
6679.0 1.205e+00
6680.0 1.210e+00
6681.0 1.215e+00
6682.0 1.213e+00
6683.0 1.200e+00
6684.0 1.210e+00
6685.0 1.210e+00
6686.0 1.220e+00
6687.0 1.209e+00
6688.0 1.217e+00
6689.0 1.221e+00
6690.0 1.235e+00
6691.0 1.231e+00
6692.0 1.219e+00
6693.0 1.218e+00
6694.0 1.244e+00
6695.0 1.239e+00
6696.0 1.213e+00
6697.0 1.226e+00
6698.0 1.240e+00
6699.0 1.249e+00
6700.0 1.246e+00
6701.0 1.239e+00
6702.0 1.215e+00
6703.0 1.200e+00
6704.0 1.206e+00
6705.0 1.231e+00
6706.0 1.226e+00
6707.0 1.233e+00
6708.0 1.222e+00
6709.0 1.216e+00
6710.0 1.207e+00
6711.0 1.229e+00
6712.0 1.239e+00
6713.0 1.255e+00
6714.0 1.249e+00
6715.0 1.242e+00
6716.0 1.245e+00
6717.0 1.256e+00
6718.0 1.245e+00
6719.0 1.248e+00
6720.0 1.240e+00
6721.0 1.263e+00
6722.0 1.238e+00
6723.0 1.245e+00
6724.0 1.225e+00
6725.0 1.210e+00
6726.0 1.205e+00
6727.0 1.187e+00
6728.0 1.188e+00
6729.0 1.211e+00
6730.0 1.211e+00
6731.0 1.203e+00
6732.0 1.215e+00
6733.0 1.241e+00
6734.0 1.237e+00
6735.0 1.218e+00
6736.0 1.189e+00
6737.0 1.191e+00
6738.0 1.203e+00
6739.0 1.216e+00
6740.0 1.228e+00
6741.0 1.226e+00
6742.0 1.216e+00
6743.0 1.214e+00
6744.0 1.210e+00
6745.0 1.215e+00
6746.0 1.234e+00
6747.0 1.251e+00
6748.0 1.244e+00
6749.0 1.228e+00
6750.0 1.203e+00
6751.0 1.181e+00
6752.0 1.187e+00
6753.0 1.221e+00
6754.0 1.255e+00
6755.0 1.239e+00
6756.0 1.203e+00
6757.0 1.206e+00
6758.0 1.204e+00
6759.0 1.205e+00
6760.0 1.217e+00
6761.0 1.205e+00
6762.0 1.202e+00
6763.0 1.192e+00
6764.0 1.191e+00
6765.0 1.205e+00
6766.0 1.197e+00
6767.0 1.196e+00
6768.0 1.193e+00
6769.0 1.196e+00
6770.0 1.191e+00
6771.0 1.183e+00
6772.0 1.155e+00
6773.0 1.153e+00
6774.0 1.173e+00
6775.0 1.176e+00
6776.0 1.159e+00
6777.0 1.166e+00
6778.0 1.175e+00
6779.0 1.171e+00
6780.0 1.157e+00
6781.0 1.156e+00
6782.0 1.146e+00
6783.0 1.138e+00
6784.0 1.238e+00
6785.0 1.469e+00
6786.0 1.707e+00
6787.0 1.824e+00
6788.0 1.783e+00
6789.0 1.704e+00
6790.0 1.672e+00
6791.0 1.666e+00
6792.0 1.691e+00
6793.0 1.561e+00
6794.0 1.349e+00
6795.0 1.213e+00
6796.0 1.143e+00
6797.0 1.103e+00
6798.0 1.123e+00
6799.0 1.232e+00
6800.0 1.411e+00
6801.0 1.561e+00
6802.0 1.591e+00
6803.0 1.539e+00
6804.0 1.490e+00
6805.0 1.459e+00
6806.0 1.467e+00
6807.0 1.455e+00
6808.0 1.313e+00
6809.0 1.182e+00
6810.0 1.112e+00
6811.0 1.103e+00
6812.0 1.103e+00
6813.0 1.079e+00
6814.0 1.074e+00
6815.0 1.074e+00
6816.0 1.063e+00
6817.0 1.071e+00
6818.0 1.064e+00
6819.0 1.090e+00
6820.0 1.091e+00
6821.0 1.079e+00
6822.0 1.085e+00
6823.0 1.092e+00
6824.0 1.106e+00
6825.0 1.071e+00
6826.0 1.066e+00
6827.0 1.072e+00
6828.0 1.100e+00
6829.0 1.085e+00
6830.0 1.052e+00
6831.0 1.054e+00
6832.0 1.107e+00
6833.0 1.123e+00
6834.0 1.112e+00
6835.0 1.106e+00
6836.0 1.082e+00
6837.0 1.067e+00
6838.0 1.063e+00
6839.0 1.099e+00
6840.0 1.099e+00
6841.0 1.074e+00
6842.0 1.049e+00
6843.0 1.068e+00
6844.0 1.080e+00
6845.0 1.073e+00
6846.0 1.069e+00
6847.0 1.075e+00
6848.0 1.067e+00
6849.0 1.068e+00
6850.0 1.064e+00
6851.0 1.073e+00
6852.0 1.071e+00
6853.0 1.068e+00
6854.0 1.069e+00
6855.0 1.058e+00
6856.0 1.065e+00
6857.0 1.077e+00
6858.0 1.074e+00
6859.0 1.089e+00
6860.0 1.058e+00
6861.0 1.036e+00
6862.0 1.050e+00
6863.0 1.098e+00
6864.0 1.099e+00
6865.0 1.035e+00
6866.0 9.552e-01
6867.0 9.216e-01
6868.0 8.900e-01
6869.0 9.151e-01
6870.0 9.102e-01
6871.0 8.138e-01
6872.0 7.644e-01
6873.0 7.773e-01
6874.0 8.000e-01
6875.0 8.261e-01
6876.0 8.546e-01
6877.0 8.835e-01
6878.0 8.950e-01
6879.0 9.358e-01
6880.0 9.945e-01
6881.0 1.020e+00
6882.0 9.985e-01
6883.0 1.027e+00
6884.0 1.003e+00
6885.0 1.010e+00
6886.0 1.023e+00
6887.0 1.022e+00
6888.0 1.023e+00
6889.0 1.030e+00
6890.0 1.029e+00
6891.0 1.012e+00
6892.0 9.993e-01
6893.0 9.859e-01
6894.0 1.008e+00
6895.0 1.030e+00
6896.0 1.027e+00
6897.0 1.017e+00
6898.0 1.016e+00
6899.0 1.028e+00
6900.0 1.050e+00
6901.0 1.046e+00
6902.0 1.054e+00
6903.0 1.055e+00
6904.0 1.040e+00
6905.0 1.033e+00
6906.0 1.062e+00
6907.0 1.089e+00
6908.0 1.061e+00
6909.0 1.063e+00
6910.0 1.078e+00
6911.0 1.106e+00
6912.0 1.128e+00
6913.0 1.095e+00
6914.0 1.102e+00
6915.0 1.112e+00
6916.0 1.144e+00
6917.0 1.132e+00
6918.0 1.126e+00
6919.0 1.098e+00
6920.0 1.100e+00
6921.0 1.156e+00
6922.0 1.193e+00
6923.0 1.145e+00
6924.0 1.128e+00
6925.0 1.140e+00
6926.0 1.147e+00
6927.0 1.168e+00
6928.0 1.191e+00
6929.0 1.215e+00
6930.0 1.154e+00
6931.0 1.126e+00
6932.0 1.162e+00
6933.0 1.182e+00
6934.0 1.186e+00
6935.0 1.196e+00
6936.0 1.205e+00
6937.0 1.212e+00
6938.0 1.199e+00
6939.0 1.225e+00
6940.0 1.206e+00
6941.0 1.196e+00
6942.0 1.190e+00
6943.0 1.172e+00
6944.0 1.194e+00
6945.0 1.218e+00
6946.0 1.176e+00
6947.0 1.174e+00
6948.0 1.223e+00
6949.0 1.255e+00
6950.0 1.244e+00
6951.0 1.248e+00
6952.0 1.235e+00
6953.0 1.203e+00
6954.0 1.238e+00
6955.0 1.248e+00
6956.0 1.210e+00
6957.0 1.205e+00
6958.0 1.211e+00
6959.0 1.217e+00
6960.0 1.234e+00
6961.0 1.260e+00
6962.0 1.255e+00
6963.0 1.258e+00
6964.0 1.255e+00
6965.0 1.251e+00
6966.0 1.237e+00
6967.0 1.216e+00
6968.0 1.246e+00
6969.0 1.259e+00
6970.0 1.262e+00
6971.0 1.279e+00
6972.0 1.267e+00
6973.0 1.234e+00
6974.0 1.227e+00
6975.0 1.241e+00
6976.0 1.264e+00
6977.0 1.260e+00
6978.0 1.273e+00
6979.0 1.264e+00
6980.0 1.276e+00
6981.0 1.296e+00
6982.0 1.286e+00
6983.0 1.274e+00
6984.0 1.290e+00
6985.0 1.270e+00
6986.0 1.237e+00
6987.0 1.248e+00
6988.0 1.241e+00
6989.0 1.234e+00
6990.0 1.259e+00
6991.0 1.263e+00
6992.0 1.268e+00
6993.0 1.254e+00
6994.0 1.242e+00
6995.0 1.266e+00
6996.0 1.253e+00
6997.0 1.247e+00
6998.0 1.249e+00
6999.0 1.256e+00
7000.0 1.266e+00
7001.0 1.242e+00
7002.0 1.267e+00
7003.0 1.268e+00
7004.0 1.238e+00
7005.0 1.225e+00
7006.0 1.253e+00
7007.0 1.268e+00
7008.0 1.238e+00
7009.0 1.234e+00
7010.0 1.255e+00
7011.0 1.246e+00
7012.0 1.239e+00
7013.0 1.212e+00
7014.0 1.222e+00
7015.0 1.233e+00
7016.0 1.243e+00
7017.0 1.239e+00
7018.0 1.215e+00
7019.0 1.210e+00
7020.0 1.216e+00
7021.0 1.219e+00
7022.0 1.215e+00
7023.0 1.217e+00
7024.0 1.217e+00
7025.0 1.205e+00
7026.0 1.200e+00
7027.0 1.204e+00
7028.0 1.211e+00
7029.0 1.213e+00
7030.0 1.228e+00
7031.0 1.218e+00
7032.0 1.211e+00
7033.0 1.199e+00
7034.0 1.198e+00
7035.0 1.189e+00
7036.0 1.180e+00
7037.0 1.197e+00
7038.0 1.196e+00
7039.0 1.193e+00
7040.0 1.214e+00
7041.0 1.203e+00
7042.0 1.191e+00
7043.0 1.214e+00
7044.0 1.223e+00
7045.0 1.199e+00
7046.0 1.209e+00
7047.0 1.218e+00
7048.0 1.197e+00
7049.0 1.201e+00
7050.0 1.206e+00
7051.0 1.214e+00
7052.0 1.221e+00
7053.0 1.191e+00
7054.0 1.185e+00
7055.0 1.186e+00
7056.0 1.191e+00
7057.0 1.192e+00
7058.0 1.175e+00
7059.0 1.176e+00
7060.0 1.184e+00
7061.0 1.191e+00
7062.0 1.195e+00
7063.0 1.207e+00
7064.0 1.210e+00
7065.0 1.194e+00
7066.0 1.188e+00
7067.0 1.193e+00
7068.0 1.206e+00
7069.0 1.197e+00
7070.0 1.188e+00
7071.0 1.192e+00
7072.0 1.161e+00
7073.0 1.151e+00
7074.0 1.151e+00
7075.0 1.182e+00
7076.0 1.191e+00
7077.0 1.175e+00
7078.0 1.187e+00
7079.0 1.196e+00
7080.0 1.192e+00
7081.0 1.184e+00
7082.0 1.171e+00
7083.0 1.180e+00
7084.0 1.190e+00
7085.0 1.180e+00
7086.0 1.186e+00
7087.0 1.199e+00
7088.0 1.174e+00
7089.0 1.172e+00
7090.0 1.172e+00
7091.0 1.171e+00
7092.0 1.167e+00
7093.0 1.180e+00
7094.0 1.180e+00
7095.0 1.177e+00
7096.0 1.169e+00
7097.0 1.173e+00
7098.0 1.168e+00
7099.0 1.172e+00
7100.0 1.199e+00
7101.0 1.200e+00
7102.0 1.172e+00
7103.0 1.169e+00
7104.0 1.192e+00
7105.0 1.186e+00
7106.0 1.173e+00
7107.0 1.181e+00
7108.0 1.172e+00
7109.0 1.191e+00
7110.0 1.178e+00
7111.0 1.183e+00
7112.0 1.179e+00
7113.0 1.201e+00
7114.0 1.218e+00
7115.0 1.202e+00
7116.0 1.181e+00
7117.0 1.172e+00
7118.0 1.195e+00
7119.0 1.199e+00
7120.0 1.195e+00
7121.0 1.184e+00
7122.0 1.185e+00
7123.0 1.175e+00
7124.0 1.177e+00
7125.0 1.187e+00
7126.0 1.185e+00
7127.0 1.178e+00
7128.0 1.173e+00
7129.0 1.176e+00
7130.0 1.191e+00
7131.0 1.181e+00
7132.0 1.169e+00
7133.0 1.168e+00
7134.0 1.174e+00
7135.0 1.183e+00
7136.0 1.175e+00
7137.0 1.180e+00
7138.0 1.210e+00
7139.0 1.199e+00
7140.0 1.195e+00
7141.0 1.192e+00
7142.0 1.185e+00
7143.0 1.175e+00
7144.0 1.176e+00
7145.0 1.185e+00
7146.0 1.176e+00
7147.0 1.156e+00
7148.0 1.169e+00
7149.0 1.175e+00
7150.0 1.184e+00
7151.0 1.183e+00
7152.0 1.167e+00
7153.0 1.168e+00
7154.0 1.162e+00
7155.0 1.164e+00
7156.0 1.152e+00
7157.0 1.164e+00
7158.0 1.176e+00
7159.0 1.149e+00
7160.0 1.148e+00
7161.0 1.150e+00
7162.0 1.151e+00
7163.0 1.137e+00
7164.0 1.159e+00
7165.0 1.173e+00
7166.0 1.177e+00
7167.0 1.148e+00
7168.0 1.155e+00
7169.0 1.157e+00
7170.0 1.152e+00
7171.0 1.142e+00
7172.0 1.136e+00
7173.0 1.143e+00
7174.0 1.151e+00
7175.0 1.158e+00
7176.0 1.136e+00
7177.0 1.139e+00
7178.0 1.142e+00
7179.0 1.133e+00
7180.0 1.127e+00
7181.0 1.138e+00
7182.0 1.152e+00
7183.0 1.153e+00
7184.0 1.142e+00
7185.0 1.123e+00
7186.0 1.117e+00
7187.0 1.141e+00
7188.0 1.155e+00
7189.0 1.142e+00
7190.0 1.139e+00
7191.0 1.148e+00
7192.0 1.149e+00
7193.0 1.136e+00
7194.0 1.158e+00
7195.0 1.200e+00
7196.0 1.178e+00
7197.0 1.159e+00
7198.0 1.155e+00
7199.0 1.166e+00
7200.0 1.166e+00
7201.0 1.159e+00
7202.0 1.141e+00
7203.0 1.156e+00
7204.0 1.154e+00
7205.0 1.167e+00
7206.0 1.168e+00
7207.0 1.179e+00
7208.0 1.195e+00
7209.0 1.214e+00
7210.0 1.223e+00
7211.0 1.224e+00
7212.0 1.244e+00
7213.0 1.246e+00
7214.0 1.245e+00
7215.0 1.249e+00
7216.0 1.259e+00
7217.0 1.256e+00
7218.0 1.251e+00
7219.0 1.252e+00
7220.0 1.248e+00
7221.0 1.262e+00
7222.0 1.245e+00
7223.0 1.223e+00
7224.0 1.218e+00
7225.0 1.219e+00
7226.0 1.246e+00
7227.0 1.246e+00
7228.0 1.222e+00
7229.0 1.226e+00
7230.0 1.219e+00
7231.0 1.234e+00
7232.0 1.246e+00
7233.0 1.236e+00
7234.0 1.237e+00
7235.0 1.231e+00
7236.0 1.236e+00
7237.0 1.225e+00
7238.0 1.251e+00
7239.0 1.259e+00
7240.0 1.268e+00
7241.0 1.275e+00
7242.0 1.261e+00
7243.0 1.316e+00
7244.0 1.309e+00
7245.0 1.285e+00
7246.0 1.201e+00
7247.0 1.175e+00
7248.0 1.138e+00
7249.0 1.148e+00
7250.0 1.218e+00
7251.0 1.212e+00
7252.0 1.158e+00
7253.0 1.158e+00
7254.0 1.218e+00
7255.0 1.257e+00
7256.0 1.258e+00
7257.0 1.248e+00
7258.0 1.235e+00
7259.0 1.265e+00
7260.0 1.291e+00
7261.0 1.261e+00
7262.0 1.245e+00
7263.0 1.252e+00
7264.0 1.260e+00
7265.0 1.260e+00
7266.0 1.272e+00
7267.0 1.267e+00
7268.0 1.279e+00
7269.0 1.278e+00
7270.0 1.252e+00
7271.0 1.245e+00
7272.0 1.259e+00
7273.0 1.275e+00
7274.0 1.383e+00
7275.0 1.544e+00
7276.0 1.560e+00
7277.0 1.420e+00
7278.0 1.282e+00
7279.0 1.260e+00
7280.0 1.303e+00
7281.0 1.300e+00
7282.0 1.247e+00
7283.0 1.164e+00
7284.0 1.181e+00
7285.0 1.231e+00
7286.0 1.303e+00
7287.0 1.297e+00
7288.0 1.259e+00
7289.0 1.241e+00
7290.0 1.269e+00
7291.0 1.272e+00
7292.0 1.219e+00
7293.0 1.204e+00
7294.0 1.279e+00
7295.0 1.318e+00
7296.0 1.291e+00
7297.0 1.244e+00
7298.0 1.226e+00
7299.0 1.249e+00
7300.0 1.293e+00
7301.0 1.278e+00
7302.0 1.275e+00
7303.0 1.261e+00
7304.0 1.251e+00
7305.0 1.255e+00
7306.0 1.255e+00
7307.0 1.229e+00
7308.0 1.273e+00
7309.0 1.334e+00
7310.0 1.285e+00
7311.0 1.175e+00
7312.0 1.156e+00
7313.0 1.256e+00
7314.0 1.386e+00
7315.0 1.504e+00
7316.0 1.412e+00
7317.0 1.287e+00
7318.0 1.263e+00
7319.0 1.215e+00
7320.0 1.118e+00
7321.0 1.214e+00
7322.0 1.284e+00
7323.0 1.263e+00
7324.0 1.105e+00
7325.0 1.127e+00
7326.0 1.188e+00
7327.0 1.309e+00
7328.0 1.369e+00
7329.0 1.322e+00
7330.0 1.253e+00
7331.0 1.246e+00
7332.0 1.270e+00
7333.0 1.265e+00
7334.0 1.269e+00
7335.0 1.256e+00
7336.0 1.205e+00
7337.0 1.188e+00
7338.0 1.300e+00
7339.0 1.436e+00
7340.0 1.587e+00
7341.0 1.537e+00
7342.0 1.331e+00
7343.0 1.238e+00
7344.0 1.280e+00
7345.0 1.221e+00
7346.0 9.809e-01
7347.0 9.093e-01
7348.0 1.036e+00
7349.0 1.139e+00
7350.0 1.230e+00
7351.0 1.215e+00
7352.0 1.201e+00
7353.0 1.167e+00
7354.0 1.176e+00
7355.0 1.203e+00
7356.0 1.241e+00
7357.0 1.272e+00
7358.0 1.275e+00
7359.0 1.229e+00
7360.0 1.231e+00
7361.0 1.264e+00
7362.0 1.238e+00
7363.0 1.200e+00
7364.0 1.212e+00
7365.0 1.185e+00
7366.0 1.154e+00
7367.0 1.216e+00
7368.0 1.374e+00
7369.0 1.328e+00
7370.0 1.218e+00
7371.0 1.164e+00
7372.0 1.210e+00
7373.0 1.209e+00
7374.0 1.205e+00
7375.0 1.270e+00
7376.0 1.286e+00
7377.0 1.203e+00
7378.0 1.175e+00
7379.0 1.148e+00
7380.0 1.168e+00
7381.0 1.219e+00
7382.0 1.218e+00
7383.0 1.193e+00
7384.0 1.185e+00
7385.0 1.195e+00
7386.0 1.185e+00
7387.0 1.162e+00
7388.0 1.139e+00
7389.0 1.150e+00
7390.0 1.201e+00
7391.0 1.215e+00
7392.0 1.220e+00
7393.0 1.210e+00
7394.0 1.216e+00
7395.0 1.191e+00
7396.0 1.190e+00
7397.0 1.193e+00
7398.0 1.195e+00
7399.0 1.159e+00
7400.0 1.155e+00
7401.0 1.246e+00
7402.0 1.246e+00
7403.0 1.196e+00
7404.0 1.162e+00
7405.0 1.207e+00
7406.0 1.244e+00
7407.0 1.237e+00
7408.0 1.179e+00
7409.0 1.157e+00
7410.0 1.161e+00
7411.0 1.194e+00
7412.0 1.195e+00
7413.0 1.157e+00
7414.0 1.181e+00
7415.0 1.173e+00
7416.0 1.166e+00
7417.0 1.159e+00
7418.0 1.186e+00
7419.0 1.186e+00
7420.0 1.178e+00
7421.0 1.189e+00
7422.0 1.205e+00
7423.0 1.179e+00
7424.0 1.182e+00
7425.0 1.175e+00
7426.0 1.170e+00
7427.0 1.166e+00
7428.0 1.172e+00
7429.0 1.191e+00
7430.0 1.195e+00
7431.0 1.185e+00
7432.0 1.162e+00
7433.0 1.177e+00
7434.0 1.202e+00
7435.0 1.210e+00
7436.0 1.156e+00
7437.0 1.136e+00
7438.0 1.154e+00
7439.0 1.186e+00
7440.0 1.158e+00
7441.0 1.129e+00
7442.0 1.142e+00
7443.0 1.208e+00
7444.0 1.245e+00
7445.0 1.177e+00
7446.0 1.120e+00
7447.0 1.141e+00
7448.0 1.193e+00
7449.0 1.198e+00
7450.0 1.188e+00
7451.0 1.176e+00
7452.0 1.192e+00
7453.0 1.189e+00
7454.0 1.195e+00
7455.0 1.197e+00
7456.0 1.213e+00
7457.0 1.216e+00
7458.0 1.222e+00
7459.0 1.220e+00
7460.0 1.200e+00
7461.0 1.195e+00
7462.0 1.195e+00
7463.0 1.211e+00
7464.0 1.234e+00
7465.0 1.237e+00
7466.0 1.224e+00
7467.0 1.216e+00
7468.0 1.222e+00
7469.0 1.212e+00
7470.0 1.203e+00
7471.0 1.224e+00
7472.0 1.235e+00
7473.0 1.216e+00
7474.0 1.210e+00
7475.0 1.210e+00
7476.0 1.223e+00
7477.0 1.212e+00
7478.0 1.206e+00
7479.0 1.216e+00
7480.0 1.220e+00
7481.0 1.175e+00
7482.0 1.209e+00
7483.0 1.245e+00
7484.0 1.239e+00
7485.0 1.229e+00
7486.0 1.251e+00
7487.0 1.229e+00
7488.0 1.213e+00
7489.0 1.240e+00
7490.0 1.284e+00
7491.0 1.258e+00
7492.0 1.233e+00
7493.0 1.228e+00
7494.0 1.240e+00
7495.0 1.259e+00
7496.0 1.260e+00
7497.0 1.226e+00
7498.0 1.239e+00
7499.0 1.268e+00
7500.0 1.280e+00
7501.0 1.226e+00
7502.0 1.194e+00
7503.0 1.200e+00
7504.0 1.239e+00
7505.0 1.244e+00
7506.0 1.236e+00
7507.0 1.254e+00
7508.0 1.238e+00
7509.0 1.232e+00
7510.0 1.239e+00
7511.0 1.238e+00
7512.0 1.240e+00
7513.0 1.242e+00
7514.0 1.245e+00
7515.0 1.250e+00
7516.0 1.252e+00
7517.0 1.233e+00
7518.0 1.248e+00
7519.0 1.285e+00
7520.0 1.251e+00
7521.0 1.148e+00
7522.0 1.204e+00
7523.0 1.330e+00
7524.0 1.346e+00
7525.0 1.282e+00
7526.0 1.252e+00
7527.0 1.252e+00
7528.0 1.258e+00
7529.0 1.325e+00
7530.0 1.402e+00
7531.0 1.355e+00
7532.0 1.191e+00
7533.0 1.148e+00
7534.0 1.214e+00
7535.0 1.292e+00
7536.0 1.309e+00
7537.0 1.252e+00
7538.0 1.193e+00
7539.0 1.246e+00
7540.0 1.303e+00
7541.0 1.272e+00
7542.0 1.237e+00
7543.0 1.232e+00
7544.0 1.266e+00
7545.0 1.263e+00
7546.0 1.253e+00
7547.0 1.243e+00
7548.0 1.247e+00
7549.0 1.257e+00
7550.0 1.247e+00
7551.0 1.253e+00
7552.0 1.259e+00
7553.0 1.288e+00
7554.0 1.283e+00
7555.0 1.290e+00
7556.0 1.286e+00
7557.0 1.277e+00
7558.0 1.248e+00
7559.0 1.243e+00
7560.0 1.257e+00
7561.0 1.243e+00
7562.0 1.244e+00
7563.0 1.254e+00
7564.0 1.291e+00
7565.0 1.273e+00
7566.0 1.278e+00
7567.0 1.257e+00
7568.0 1.222e+00
7569.0 1.188e+00
7570.0 1.253e+00
7571.0 1.368e+00
7572.0 1.330e+00
7573.0 1.234e+00
7574.0 1.275e+00
7575.0 1.309e+00
7576.0 1.265e+00
7577.0 1.247e+00
7578.0 1.224e+00
7579.0 1.221e+00
7580.0 1.252e+00
7581.0 1.278e+00
7582.0 1.268e+00
7583.0 1.251e+00
7584.0 1.265e+00
7585.0 1.292e+00
7586.0 1.304e+00
7587.0 1.314e+00
7588.0 1.296e+00
7589.0 1.281e+00
7590.0 1.284e+00
7591.0 1.304e+00
7592.0 1.250e+00
7593.0 1.104e+00
7594.0 9.873e-01
7595.0 9.219e-01
7596.0 8.818e-01
7597.0 8.411e-01
7598.0 7.570e-01
7599.0 6.665e-01
7600.0 5.844e-01
7601.0 4.997e-01
7602.0 4.318e-01
7603.0 4.309e-01
7604.0 4.502e-01
7605.0 4.153e-01
7606.0 3.354e-01
7607.0 3.092e-01
7608.0 3.443e-01
7609.0 3.693e-01
7610.0 3.826e-01
7611.0 3.868e-01
7612.0 4.200e-01
7613.0 4.883e-01
7614.0 5.417e-01
7615.0 5.709e-01
7616.0 6.666e-01
7617.0 8.312e-01
7618.0 9.147e-01
7619.0 9.242e-01
7620.0 9.103e-01
7621.0 8.580e-01
7622.0 8.111e-01
7623.0 8.245e-01
7624.0 8.622e-01
7625.0 8.218e-01
7626.0 6.951e-01
7627.0 6.552e-01
7628.0 7.096e-01
7629.0 7.072e-01
7630.0 6.531e-01
7631.0 6.304e-01
7632.0 6.567e-01
7633.0 6.645e-01
7634.0 6.623e-01
7635.0 6.449e-01
7636.0 6.415e-01
7637.0 6.903e-01
7638.0 7.202e-01
7639.0 7.251e-01
7640.0 7.016e-01
7641.0 7.178e-01
7642.0 7.583e-01
7643.0 7.785e-01
7644.0 7.705e-01
7645.0 7.534e-01
7646.0 8.007e-01
7647.0 8.558e-01
7648.0 8.539e-01
7649.0 8.052e-01
7650.0 8.016e-01
7651.0 8.594e-01
7652.0 9.311e-01
7653.0 9.385e-01
7654.0 8.916e-01
7655.0 9.130e-01
7656.0 9.658e-01
7657.0 1.019e+00
7658.0 1.023e+00
7659.0 9.654e-01
7660.0 9.324e-01
7661.0 9.661e-01
7662.0 1.021e+00
7663.0 1.052e+00
7664.0 1.023e+00
7665.0 9.986e-01
7666.0 9.979e-01
7667.0 1.052e+00
7668.0 1.123e+00
7669.0 1.135e+00
7670.0 1.055e+00
7671.0 1.020e+00
7672.0 1.041e+00
7673.0 1.097e+00
7674.0 1.132e+00
7675.0 1.119e+00
7676.0 1.087e+00
7677.0 1.070e+00
7678.0 1.090e+00
7679.0 1.125e+00
7680.0 1.146e+00
7681.0 1.140e+00
7682.0 1.120e+00
7683.0 1.112e+00
7684.0 1.125e+00
7685.0 1.143e+00
7686.0 1.170e+00
7687.0 1.142e+00
7688.0 1.122e+00
7689.0 1.111e+00
7690.0 1.121e+00
7691.0 1.139e+00
7692.0 1.146e+00
7693.0 1.140e+00
7694.0 1.122e+00
7695.0 1.114e+00
7696.0 1.093e+00
7697.0 1.105e+00
7698.0 1.106e+00
7699.0 1.126e+00
7700.0 1.132e+00
7701.0 1.122e+00
7702.0 1.108e+00
7703.0 1.122e+00
7704.0 1.117e+00
7705.0 1.120e+00
7706.0 1.127e+00
7707.0 1.142e+00
7708.0 1.103e+00
7709.0 1.053e+00
7710.0 1.083e+00
7711.0 1.182e+00
7712.0 1.225e+00
7713.0 1.186e+00
7714.0 1.082e+00
7715.0 1.068e+00
7716.0 1.082e+00
7717.0 1.194e+00
7718.0 1.301e+00
7719.0 1.134e+00
7720.0 9.120e-01
7721.0 9.016e-01
7722.0 1.129e+00
7723.0 1.173e+00
7724.0 1.071e+00
7725.0 1.048e+00
7726.0 1.017e+00
7727.0 1.054e+00
7728.0 1.104e+00
7729.0 1.132e+00
7730.0 1.124e+00
7731.0 1.094e+00
7732.0 1.066e+00
7733.0 1.081e+00
7734.0 1.100e+00
7735.0 1.092e+00
7736.0 1.088e+00
7737.0 1.090e+00
7738.0 1.103e+00
7739.0 1.109e+00
7740.0 1.085e+00
7741.0 1.099e+00
7742.0 1.128e+00
7743.0 1.060e+00
7744.0 1.014e+00
7745.0 1.083e+00
7746.0 1.144e+00
7747.0 1.065e+00
7748.0 9.596e-01
7749.0 9.795e-01
7750.0 1.069e+00
7751.0 1.201e+00
7752.0 1.342e+00
7753.0 1.193e+00
7754.0 1.068e+00
7755.0 1.160e+00
7756.0 1.245e+00
7757.0 1.295e+00
7758.0 1.167e+00
7759.0 1.051e+00
7760.0 9.755e-01
7761.0 9.864e-01
7762.0 1.126e+00
7763.0 1.154e+00
7764.0 1.033e+00
7765.0 1.032e+00
7766.0 1.144e+00
7767.0 1.136e+00
7768.0 1.084e+00
7769.0 1.017e+00
7770.0 1.022e+00
7771.0 1.085e+00
7772.0 1.124e+00
7773.0 1.105e+00
7774.0 1.075e+00
7775.0 1.062e+00
7776.0 1.055e+00
7777.0 1.067e+00
7778.0 1.081e+00
7779.0 1.103e+00
7780.0 1.086e+00
7781.0 1.059e+00
7782.0 1.083e+00
7783.0 1.100e+00
7784.0 1.047e+00
7785.0 1.052e+00
7786.0 1.134e+00
7787.0 1.132e+00
7788.0 1.040e+00
7789.0 1.016e+00
7790.0 1.047e+00
7791.0 1.062e+00
7792.0 1.150e+00
7793.0 1.308e+00
7794.0 1.350e+00
7795.0 1.193e+00
7796.0 1.019e+00
7797.0 1.049e+00
7798.0 1.101e+00
7799.0 9.658e-01
7800.0 8.369e-01
7801.0 8.996e-01
7802.0 1.060e+00
7803.0 1.119e+00
7804.0 1.055e+00
7805.0 9.834e-01
7806.0 1.028e+00
7807.0 1.099e+00
7808.0 1.170e+00
7809.0 1.156e+00
7810.0 1.067e+00
7811.0 1.042e+00
7812.0 1.062e+00
7813.0 1.121e+00
7814.0 1.188e+00
7815.0 1.077e+00
7816.0 9.494e-01
7817.0 9.653e-01
7818.0 1.071e+00
7819.0 1.246e+00
7820.0 1.513e+00
7821.0 1.752e+00
7822.0 1.534e+00
7823.0 1.130e+00
7824.0 9.805e-01
7825.0 1.205e+00
7826.0 1.407e+00
7827.0 1.322e+00
7828.0 1.142e+00
7829.0 1.070e+00
7830.0 1.037e+00
7831.0 1.050e+00
7832.0 1.073e+00
7833.0 1.109e+00
7834.0 1.139e+00
7835.0 1.132e+00
7836.0 1.086e+00
7837.0 1.080e+00
7838.0 1.084e+00
7839.0 1.135e+00
7840.0 1.145e+00
7841.0 1.140e+00
7842.0 1.150e+00
7843.0 1.144e+00
7844.0 1.109e+00
7845.0 1.091e+00
7846.0 1.102e+00
7847.0 1.163e+00
7848.0 1.221e+00
7849.0 1.131e+00
7850.0 9.653e-01
7851.0 9.927e-01
7852.0 1.293e+00
7853.0 1.414e+00
7854.0 1.467e+00
7855.0 1.354e+00
7856.0 1.157e+00
7857.0 9.850e-01
7858.0 1.163e+00
7859.0 1.451e+00
7860.0 1.488e+00
7861.0 1.176e+00
7862.0 9.027e-01
7863.0 9.616e-01
7864.0 1.123e+00
7865.0 1.147e+00
7866.0 1.127e+00
7867.0 1.062e+00
7868.0 1.062e+00
7869.0 1.131e+00
7870.0 1.160e+00
7871.0 1.105e+00
7872.0 1.091e+00
7873.0 1.087e+00
7874.0 1.137e+00
7875.0 1.143e+00
7876.0 1.139e+00
7877.0 1.144e+00
7878.0 1.094e+00
7879.0 1.056e+00
7880.0 1.133e+00
7881.0 1.180e+00
7882.0 1.173e+00
7883.0 1.162e+00
7884.0 1.151e+00
7885.0 1.154e+00
7886.0 1.114e+00
7887.0 1.105e+00
7888.0 1.132e+00
7889.0 1.176e+00
7890.0 1.176e+00
7891.0 1.154e+00
7892.0 1.149e+00
7893.0 1.173e+00
7894.0 1.177e+00
7895.0 1.164e+00
7896.0 1.187e+00
7897.0 1.198e+00
7898.0 1.176e+00
7899.0 1.177e+00
7900.0 1.150e+00
7901.0 1.145e+00
7902.0 1.185e+00
7903.0 1.179e+00
7904.0 1.156e+00
7905.0 1.216e+00
7906.0 1.220e+00
7907.0 1.150e+00
7908.0 1.135e+00
7909.0 1.190e+00
7910.0 1.195e+00
7911.0 1.399e+00
7912.0 1.695e+00
7913.0 1.940e+00
7914.0 1.818e+00
7915.0 1.588e+00
7916.0 1.335e+00
7917.0 1.221e+00
7918.0 1.197e+00
7919.0 1.363e+00
7920.0 1.453e+00
7921.0 1.283e+00
7922.0 1.078e+00
7923.0 1.097e+00
7924.0 1.169e+00
7925.0 1.145e+00
7926.0 1.172e+00
7927.0 1.234e+00
7928.0 1.220e+00
7929.0 1.159e+00
7930.0 1.152e+00
7931.0 1.174e+00
7932.0 1.155e+00
7933.0 1.170e+00
7934.0 1.189e+00
7935.0 1.166e+00
7936.0 1.205e+00
7937.0 1.224e+00
7938.0 1.198e+00
7939.0 1.137e+00
7940.0 1.116e+00
7941.0 1.152e+00
7942.0 1.199e+00
7943.0 1.196e+00
7944.0 1.190e+00
7945.0 1.173e+00
7946.0 1.152e+00
7947.0 1.171e+00
7948.0 1.227e+00
7949.0 1.231e+00
7950.0 1.199e+00
7951.0 1.162e+00
7952.0 1.157e+00
7953.0 1.172e+00
7954.0 1.174e+00
7955.0 1.199e+00
7956.0 1.205e+00
7957.0 1.170e+00
7958.0 1.115e+00
7959.0 1.101e+00
7960.0 1.146e+00
7961.0 1.168e+00
7962.0 1.190e+00
7963.0 1.298e+00
7964.0 1.538e+00
7965.0 1.530e+00
7966.0 1.295e+00
7967.0 1.073e+00
7968.0 1.120e+00
7969.0 1.386e+00
7970.0 1.365e+00
7971.0 1.096e+00
7972.0 9.429e-01
7973.0 1.008e+00
7974.0 1.121e+00
7975.0 1.127e+00
7976.0 1.096e+00
7977.0 1.112e+00
7978.0 1.162e+00
7979.0 1.221e+00
7980.0 1.212e+00
7981.0 1.157e+00
7982.0 1.144e+00
7983.0 1.126e+00
7984.0 1.130e+00
7985.0 1.134e+00
7986.0 1.090e+00
7987.0 1.044e+00
7988.0 1.126e+00
7989.0 1.099e+00
7990.0 9.137e-01
7991.0 1.058e+00
7992.0 1.236e+00
7993.0 1.209e+00
7994.0 1.301e+00
7995.0 1.248e+00
7996.0 1.100e+00
7997.0 9.540e-01
7998.0 9.653e-01
7999.0 1.038e+00
8000.0 9.802e-01
8001.0 8.989e-01
8002.0 8.105e-01
8003.0 1.012e+00
8004.0 1.119e+00
8005.0 1.117e+00
8006.0 1.106e+00
8007.0 1.091e+00
8008.0 1.081e+00
8009.0 1.098e+00
8010.0 1.095e+00
8011.0 1.080e+00
8012.0 1.062e+00
8013.0 1.117e+00
8014.0 1.167e+00
8015.0 1.125e+00
8016.0 1.070e+00
8017.0 1.077e+00
8018.0 1.108e+00
8019.0 1.139e+00
8020.0 1.141e+00
8021.0 1.105e+00
8022.0 9.922e-01
8023.0 9.077e-01
8024.0 1.055e+00
8025.0 1.261e+00
8026.0 1.353e+00
8027.0 1.104e+00
8028.0 1.023e+00
8029.0 1.053e+00
8030.0 1.073e+00
8031.0 1.119e+00
8032.0 1.083e+00
8033.0 1.029e+00
8034.0 9.258e-01
8035.0 9.848e-01
8036.0 1.021e+00
8037.0 1.025e+00
8038.0 1.036e+00
8039.0 1.040e+00
8040.0 1.045e+00
8041.0 1.052e+00
8042.0 1.055e+00
8043.0 1.026e+00
8044.0 1.004e+00
8045.0 1.018e+00
8046.0 1.033e+00
8047.0 1.049e+00
8048.0 1.042e+00
8049.0 1.026e+00
8050.0 9.913e-01
8051.0 1.024e+00
8052.0 1.025e+00
8053.0 1.011e+00
8054.0 1.028e+00
8055.0 1.012e+00
8056.0 9.771e-01
8057.0 1.008e+00
8058.0 9.836e-01
8059.0 9.409e-01
8060.0 9.340e-01
8061.0 9.887e-01
8062.0 1.023e+00
8063.0 1.025e+00
8064.0 9.939e-01
8065.0 9.552e-01
8066.0 9.527e-01
8067.0 9.678e-01
8068.0 9.789e-01
8069.0 9.350e-01
8070.0 8.366e-01
8071.0 8.397e-01
8072.0 9.084e-01
8073.0 9.222e-01
8074.0 8.922e-01
8075.0 9.242e-01
8076.0 9.446e-01
8077.0 9.276e-01
8078.0 9.185e-01
8079.0 9.076e-01
8080.0 9.079e-01
8081.0 9.050e-01
8082.0 8.900e-01
8083.0 8.854e-01
8084.0 8.842e-01
8085.0 8.788e-01
8086.0 8.788e-01
8087.0 8.785e-01
8088.0 8.729e-01
8089.0 8.699e-01
8090.0 8.632e-01
8091.0 8.610e-01
8092.0 8.554e-01
8093.0 8.797e-01
8094.0 8.759e-01
8095.0 8.547e-01
8096.0 8.408e-01
8097.0 8.399e-01
8098.0 8.377e-01
8099.0 8.263e-01
8100.0 8.086e-01
8101.0 8.298e-01
8102.0 8.432e-01
8103.0 8.227e-01
8104.0 8.155e-01
8105.0 8.023e-01
8106.0 7.830e-01
8107.0 7.810e-01
8108.0 8.297e-01
8109.0 8.381e-01
8110.0 8.025e-01
8111.0 7.871e-01
8112.0 7.979e-01
8113.0 8.092e-01
8114.0 8.039e-01
8115.0 7.946e-01
8116.0 7.921e-01
8117.0 8.020e-01
8118.0 7.962e-01
8119.0 7.775e-01
8120.0 7.644e-01
8121.0 7.849e-01
8122.0 8.118e-01
8123.0 8.168e-01
8124.0 8.161e-01
8125.0 8.101e-01
8126.0 7.941e-01
8127.0 8.033e-01
8128.0 8.012e-01
8129.0 7.779e-01
8130.0 7.906e-01
8131.0 7.867e-01
8132.0 7.910e-01
8133.0 7.702e-01
8134.0 7.743e-01
8135.0 7.728e-01
8136.0 7.803e-01
8137.0 7.724e-01
8138.0 7.861e-01
8139.0 7.910e-01
8140.0 7.851e-01
8141.0 7.738e-01
8142.0 7.702e-01
8143.0 7.653e-01
8144.0 7.766e-01
8145.0 7.869e-01
8146.0 8.059e-01
8147.0 7.891e-01
8148.0 7.646e-01
8149.0 7.786e-01
8150.0 7.963e-01
8151.0 8.017e-01
8152.0 7.830e-01
8153.0 7.538e-01
8154.0 7.648e-01
8155.0 7.571e-01
8156.0 7.518e-01
8157.0 7.591e-01
8158.0 7.442e-01
8159.0 7.419e-01
8160.0 7.394e-01
8161.0 7.456e-01
8162.0 7.307e-01
8163.0 7.206e-01
8164.0 7.390e-01
8165.0 7.468e-01
8166.0 7.650e-01
8167.0 7.568e-01
8168.0 7.391e-01
8169.0 7.172e-01
8170.0 7.228e-01
8171.0 7.360e-01
8172.0 7.541e-01
8173.0 7.694e-01
8174.0 7.600e-01
8175.0 7.371e-01
8176.0 7.419e-01
8177.0 7.387e-01
8178.0 7.250e-01
8179.0 7.264e-01
8180.0 7.264e-01
8181.0 7.332e-01
8182.0 7.318e-01
8183.0 7.229e-01
8184.0 7.248e-01
8185.0 7.008e-01
8186.0 7.122e-01
8187.0 7.377e-01
8188.0 7.311e-01
8189.0 7.241e-01
8190.0 7.352e-01
8191.0 7.567e-01
8192.0 7.222e-01
8193.0 6.877e-01
8194.0 6.892e-01
8195.0 7.036e-01
8196.0 7.019e-01
8197.0 6.911e-01
8198.0 6.769e-01
8199.0 6.807e-01
8200.0 7.107e-01
8201.0 7.081e-01
8202.0 7.030e-01
8203.0 7.020e-01
8204.0 7.108e-01
8205.0 7.072e-01
8206.0 6.885e-01
8207.0 6.821e-01
8208.0 7.081e-01
8209.0 7.103e-01
8210.0 6.630e-01
8211.0 6.749e-01
8212.0 6.832e-01
8213.0 6.924e-01
8214.0 6.745e-01
8215.0 6.626e-01
8216.0 6.452e-01
8217.0 6.474e-01
8218.0 6.593e-01
8219.0 6.625e-01
8220.0 6.697e-01
8221.0 6.570e-01
8222.0 6.521e-01
8223.0 6.484e-01
8224.0 6.425e-01
8225.0 6.409e-01
8226.0 6.378e-01
8227.0 6.101e-01
8228.0 5.838e-01
8229.0 5.844e-01
8230.0 5.850e-01
8231.0 5.855e-01
8232.0 5.861e-01
8233.0 5.919e-01
8234.0 5.900e-01
8235.0 5.770e-01
8236.0 5.996e-01
8237.0 6.095e-01
8238.0 6.010e-01
8239.0 5.939e-01
8240.0 6.032e-01
8241.0 6.040e-01
8242.0 6.046e-01
8243.0 6.011e-01
8244.0 6.147e-01
8245.0 5.977e-01
8246.0 5.881e-01
8247.0 5.714e-01
8248.0 5.713e-01
8249.0 5.803e-01
8250.0 5.945e-01
8251.0 6.029e-01
8252.0 5.935e-01
8253.0 5.849e-01
8254.0 5.943e-01
8255.0 5.960e-01
8256.0 5.819e-01
8257.0 5.822e-01
8258.0 5.716e-01
8259.0 5.480e-01
8260.0 5.665e-01
8261.0 5.714e-01
8262.0 5.680e-01
8263.0 5.639e-01
8264.0 5.702e-01
8265.0 5.744e-01
8266.0 5.983e-01
8267.0 6.048e-01
8268.0 6.233e-01
8269.0 6.030e-01
8270.0 5.868e-01
8271.0 5.899e-01
8272.0 5.969e-01
8273.0 5.866e-01
8274.0 5.521e-01
8275.0 5.569e-01
8276.0 5.897e-01
8277.0 6.922e-01
8278.0 6.376e-01
8279.0 5.525e-01
8280.0 6.096e-01
8281.0 7.172e-01
8282.0 6.795e-01
8283.0 6.251e-01
8284.0 6.042e-01
8285.0 5.752e-01
8286.0 5.188e-01
8287.0 6.846e-01
8288.0 8.816e-01
8289.0 6.545e-01
8290.0 4.372e-01
8291.0 5.837e-01
8292.0 7.281e-01
8293.0 5.202e-01
8294.0 4.508e-01
8295.0 5.836e-01
8296.0 6.875e-01
8297.0 7.479e-01
8298.0 7.530e-01
8299.0 6.538e-01
8300.0 6.154e-01
8301.0 6.697e-01
8302.0 6.967e-01
8303.0 6.981e-01
8304.0 6.913e-01
8305.0 5.699e-01
8306.0 5.222e-01
8307.0 4.389e-01
8308.0 5.917e-01
8309.0 7.208e-01
8310.0 7.450e-01
8311.0 7.175e-01
8312.0 6.589e-01
8313.0 6.702e-01
8314.0 6.787e-01
8315.0 6.675e-01
8316.0 6.719e-01
8317.0 7.144e-01
8318.0 6.964e-01
8319.0 6.528e-01
8320.0 6.246e-01
8321.0 6.216e-01
8322.0 6.400e-01
8323.0 6.698e-01
8324.0 6.811e-01
8325.0 6.702e-01
8326.0 6.635e-01
8327.0 6.725e-01
8328.0 6.823e-01
8329.0 6.873e-01
8330.0 7.039e-01
8331.0 6.916e-01
8332.0 6.992e-01
8333.0 7.072e-01
8334.0 7.049e-01
8335.0 6.658e-01
8336.0 6.886e-01
8337.0 7.964e-01
8338.0 7.541e-01
8339.0 6.017e-01
8340.0 5.323e-01
8341.0 4.644e-01
8342.0 1.750e-01
8343.0 -4.205e-01
8344.0 -1.107e+00
8345.0 -1.128e+00
8346.0 -1.355e-01
8347.0 7.261e-01
8348.0 8.024e-01
8349.0 4.922e-01
8350.0 3.346e-01
8351.0 3.314e-01
8352.0 4.843e-01
8353.0 7.591e-01
8354.0 8.144e-01
8355.0 7.353e-01
8356.0 6.811e-01
8357.0 7.622e-01
8358.0 9.241e-01
8359.0 1.101e+00
8360.0 9.924e-01
8361.0 6.815e-01
8362.0 6.057e-01
8363.0 7.364e-01
8364.0 8.265e-01
8365.0 8.447e-01
8366.0 8.378e-01
8367.0 8.147e-01
8368.0 7.989e-01
8369.0 7.954e-01
8370.0 8.126e-01
8371.0 8.095e-01
8372.0 7.781e-01
8373.0 7.606e-01
8374.0 7.706e-01
8375.0 7.870e-01
8376.0 8.008e-01
8377.0 8.131e-01
8378.0 8.148e-01
8379.0 7.939e-01
8380.0 8.295e-01
8381.0 9.198e-01
8382.0 9.564e-01
8383.0 9.304e-01
8384.0 8.565e-01
8385.0 8.196e-01
8386.0 7.713e-01
8387.0 8.151e-01
8388.0 9.424e-01
8389.0 8.814e-01
8390.0 6.313e-01
8391.0 6.202e-01
8392.0 8.144e-01
8393.0 8.717e-01
8394.0 7.500e-01
8395.0 6.518e-01
8396.0 5.492e-01
8397.0 4.368e-01
8398.0 2.659e-01
8399.0 8.081e-02
8400.0 -3.463e-02
8401.0 9.083e-02
8402.0 7.425e-01
8403.0 1.615e+00
8404.0 2.051e+00
8405.0 1.687e+00
8406.0 1.328e+00
8407.0 1.222e+00
8408.0 1.200e+00
8409.0 1.140e+00
8410.0 8.622e-01
8411.0 6.183e-01
8412.0 6.999e-01
8413.0 9.566e-01
8414.0 1.142e+00
8415.0 1.113e+00
8416.0 9.354e-01
8417.0 8.950e-01
8418.0 8.739e-01
8419.0 8.628e-01
8420.0 8.745e-01
8421.0 9.074e-01
8422.0 7.324e-01
8423.0 5.196e-01
8424.0 6.939e-01
8425.0 1.038e+00
8426.0 8.288e-01
8427.0 2.826e-01
8428.0 -1.091e-01
8429.0 -4.501e-01
8430.0 -7.219e-01
8431.0 -7.839e-01
8432.0 -4.030e-01
8433.0 7.182e-01
8434.0 2.288e+00
8435.0 2.398e+00
8436.0 1.673e+00
8437.0 1.580e+00
8438.0 1.790e+00
8439.0 1.511e+00
8440.0 1.052e+00
8441.0 7.851e-01
8442.0 7.658e-01
8443.0 9.688e-01
8444.0 1.090e+00
8445.0 9.917e-01
8446.0 8.950e-01
8447.0 9.106e-01
8448.0 9.841e-01
8449.0 1.052e+00
8450.0 1.044e+00
8451.0 1.024e+00
8452.0 1.083e+00
8453.0 1.118e+00
8454.0 1.081e+00
8455.0 9.343e-01
8456.0 8.781e-01
8457.0 9.682e-01
8458.0 9.866e-01
8459.0 7.230e-01
8460.0 5.882e-01
8461.0 9.387e-01
8462.0 1.405e+00
8463.0 1.661e+00
8464.0 1.752e+00
8465.0 1.812e+00
8466.0 1.562e+00
8467.0 1.175e+00
8468.0 9.845e-01
8469.0 9.735e-01
8470.0 1.253e+00
8471.0 1.534e+00
8472.0 1.625e+00
8473.0 1.476e+00
8474.0 1.271e+00
8475.0 9.994e-01
8476.0 8.475e-01
8477.0 9.134e-01
8478.0 1.105e+00
8479.0 1.114e+00
8480.0 1.038e+00
8481.0 1.041e+00
8482.0 1.069e+00
8483.0 1.090e+00
8484.0 1.085e+00
8485.0 1.069e+00
8486.0 1.063e+00
8487.0 1.082e+00
8488.0 1.125e+00
8489.0 1.128e+00
8490.0 1.034e+00
8491.0 1.003e+00
8492.0 1.122e+00
8493.0 1.230e+00
8494.0 1.213e+00
8495.0 1.134e+00
8496.0 1.096e+00
8497.0 1.120e+00
8498.0 1.195e+00
8499.0 1.248e+00
8500.0 1.178e+00
8501.0 9.168e-01
8502.0 8.910e-01
8503.0 1.376e+00
8504.0 1.745e+00
8505.0 1.608e+00
8506.0 1.380e+00
8507.0 1.231e+00
8508.0 1.199e+00
8509.0 1.160e+00
8510.0 1.117e+00
8511.0 9.148e-01
8512.0 7.482e-01
8513.0 8.376e-01
8514.0 1.048e+00
8515.0 1.201e+00
8516.0 1.177e+00
8517.0 1.147e+00
8518.0 1.160e+00
8519.0 1.167e+00
8520.0 1.191e+00
8521.0 1.191e+00
8522.0 1.166e+00
8523.0 1.163e+00
8524.0 1.204e+00
8525.0 1.205e+00
8526.0 1.213e+00
8527.0 1.207e+00
8528.0 1.192e+00
8529.0 1.186e+00
8530.0 1.205e+00
8531.0 1.207e+00
8532.0 1.202e+00
8533.0 1.215e+00
8534.0 1.246e+00
8535.0 1.235e+00
8536.0 1.174e+00
8537.0 1.190e+00
8538.0 1.280e+00
8539.0 1.306e+00
8540.0 1.258e+00
8541.0 1.243e+00
8542.0 1.248e+00
8543.0 1.258e+00
8544.0 1.251e+00
8545.0 1.185e+00
8546.0 1.180e+00
8547.0 1.259e+00
8548.0 1.313e+00
8549.0 1.311e+00
8550.0 1.265e+00
8551.0 1.244e+00
8552.0 1.248e+00
8553.0 1.271e+00
8554.0 1.306e+00
8555.0 1.273e+00
8556.0 1.165e+00
8557.0 1.129e+00
8558.0 1.205e+00
8559.0 1.266e+00
8560.0 1.253e+00
8561.0 1.247e+00
8562.0 1.271e+00
8563.0 1.282e+00
8564.0 1.278e+00
8565.0 1.264e+00
8566.0 1.274e+00
8567.0 1.269e+00
8568.0 1.269e+00
8569.0 1.256e+00
8570.0 1.265e+00
8571.0 1.272e+00
8572.0 1.273e+00
8573.0 1.272e+00
8574.0 1.265e+00
8575.0 1.265e+00
8576.0 1.285e+00
8577.0 1.289e+00
8578.0 1.302e+00
8579.0 1.292e+00
8580.0 1.283e+00
8581.0 1.299e+00
8582.0 1.314e+00
8583.0 1.309e+00
8584.0 1.287e+00
8585.0 1.289e+00
8586.0 1.302e+00
8587.0 1.323e+00
8588.0 1.322e+00
8589.0 1.282e+00
8590.0 1.267e+00
8591.0 1.265e+00
8592.0 1.278e+00
8593.0 1.273e+00
8594.0 1.268e+00
8595.0 1.286e+00
8596.0 1.287e+00
8597.0 1.293e+00
8598.0 1.306e+00
8599.0 1.307e+00
8600.0 1.298e+00
8601.0 1.324e+00
8602.0 1.349e+00
8603.0 1.331e+00
8604.0 1.304e+00
8605.0 1.282e+00
8606.0 1.297e+00
8607.0 1.292e+00
8608.0 1.319e+00
8609.0 1.324e+00
8610.0 1.318e+00
8611.0 1.314e+00
8612.0 1.327e+00
8613.0 1.340e+00
8614.0 1.346e+00
8615.0 1.355e+00
8616.0 1.356e+00
8617.0 1.342e+00
8618.0 1.367e+00
8619.0 1.371e+00
8620.0 1.351e+00
8621.0 1.360e+00
8622.0 1.375e+00
8623.0 1.398e+00
8624.0 1.418e+00
8625.0 1.402e+00
8626.0 1.361e+00
8627.0 1.414e+00
8628.0 1.434e+00
8629.0 1.436e+00
8630.0 1.391e+00
8631.0 1.393e+00
8632.0 1.357e+00
8633.0 1.343e+00
8634.0 1.355e+00
8635.0 1.367e+00
8636.0 1.292e+00
8637.0 1.255e+00
8638.0 1.304e+00
8639.0 1.290e+00
8640.0 1.282e+00
8641.0 1.299e+00
8642.0 1.297e+00
8643.0 1.243e+00
8644.0 1.234e+00
8645.0 1.307e+00
8646.0 1.365e+00
8647.0 1.322e+00
8648.0 1.311e+00
8649.0 1.376e+00
8650.0 1.421e+00
8651.0 1.398e+00
8652.0 1.399e+00
8653.0 1.441e+00
8654.0 1.437e+00
8655.0 1.428e+00
8656.0 1.394e+00
8657.0 1.358e+00
8658.0 1.364e+00
8659.0 1.370e+00
8660.0 1.432e+00
8661.0 1.376e+00
8662.0 1.307e+00
8663.0 1.307e+00
8664.0 1.385e+00
8665.0 1.399e+00
8666.0 1.336e+00
8667.0 1.278e+00
8668.0 1.294e+00
8669.0 1.419e+00
8670.0 1.428e+00
8671.0 1.338e+00
8672.0 1.267e+00
8673.0 1.263e+00
8674.0 1.346e+00
8675.0 1.409e+00
8676.0 1.362e+00
8677.0 1.301e+00
8678.0 1.274e+00
8679.0 1.317e+00
8680.0 1.352e+00
8681.0 1.356e+00
8682.0 1.317e+00
8683.0 1.239e+00
8684.0 1.263e+00
8685.0 1.295e+00
8686.0 1.342e+00
8687.0 1.336e+00
8688.0 1.300e+00
8689.0 1.292e+00
8690.0 1.306e+00
8691.0 1.338e+00
8692.0 1.323e+00
8693.0 1.310e+00
8694.0 1.306e+00
8695.0 1.285e+00
8696.0 1.276e+00
8697.0 1.279e+00
8698.0 1.321e+00
8699.0 1.303e+00
8700.0 1.317e+00
8701.0 1.302e+00
8702.0 1.302e+00
8703.0 1.294e+00
8704.0 1.303e+00
8705.0 1.312e+00
8706.0 1.312e+00
8707.0 1.308e+00
8708.0 1.291e+00
8709.0 1.290e+00
8710.0 1.277e+00
8711.0 1.280e+00
8712.0 1.287e+00
8713.0 1.291e+00
8714.0 1.289e+00
8715.0 1.263e+00
8716.0 1.268e+00
8717.0 1.291e+00
8718.0 1.296e+00
8719.0 1.305e+00
8720.0 1.311e+00
8721.0 1.305e+00
8722.0 1.301e+00
8723.0 1.282e+00
8724.0 1.274e+00
8725.0 1.287e+00
8726.0 1.300e+00
8727.0 1.282e+00
8728.0 1.268e+00
8729.0 1.282e+00
8730.0 1.287e+00
8731.0 1.277e+00
8732.0 1.282e+00
8733.0 1.268e+00
8734.0 1.275e+00
8735.0 1.254e+00
8736.0 1.262e+00
8737.0 1.257e+00
8738.0 1.269e+00
8739.0 1.273e+00
8740.0 1.253e+00
8741.0 1.261e+00
8742.0 1.274e+00
8743.0 1.250e+00
8744.0 1.234e+00
8745.0 1.234e+00
8746.0 1.249e+00
8747.0 1.245e+00
8748.0 1.256e+00
8749.0 1.273e+00
8750.0 1.285e+00
8751.0 1.264e+00
8752.0 1.234e+00
8753.0 1.212e+00
8754.0 1.233e+00
8755.0 1.236e+00
8756.0 1.190e+00
8757.0 1.188e+00
8758.0 1.183e+00
8759.0 1.194e+00
8760.0 1.423e+00
8761.0 1.549e+00
8762.0 1.332e+00
8763.0 1.244e+00
8764.0 1.294e+00
8765.0 1.304e+00
8766.0 1.424e+00
8767.0 1.605e+00
8768.0 1.412e+00
8769.0 1.070e+00
8770.0 1.095e+00
8771.0 1.202e+00
8772.0 1.328e+00
8773.0 1.312e+00
8774.0 1.211e+00
8775.0 1.179e+00
8776.0 1.247e+00
8777.0 1.382e+00
8778.0 1.516e+00
8779.0 1.472e+00
8780.0 1.312e+00
8781.0 1.230e+00
8782.0 1.105e+00
8783.0 1.062e+00
8784.0 8.582e-01
8785.0 8.087e-01
8786.0 8.345e-01
8787.0 9.717e-01
8788.0 1.111e+00
8789.0 1.330e+00
8790.0 1.615e+00
8791.0 1.606e+00
8792.0 1.409e+00
8793.0 1.277e+00
8794.0 1.267e+00
8795.0 1.272e+00
8796.0 1.325e+00
8797.0 1.329e+00
8798.0 1.204e+00
8799.0 1.118e+00
8800.0 1.183e+00
8801.0 1.243e+00
8802.0 1.280e+00
8803.0 1.293e+00
8804.0 1.287e+00
8805.0 1.266e+00
8806.0 1.255e+00
8807.0 1.274e+00
8808.0 1.284e+00
8809.0 1.291e+00
8810.0 1.283e+00
8811.0 1.278e+00
8812.0 1.257e+00
8813.0 1.250e+00
8814.0 1.279e+00
8815.0 1.304e+00
8816.0 1.283e+00
8817.0 1.217e+00
8818.0 1.263e+00
8819.0 1.338e+00
8820.0 1.264e+00
8821.0 1.118e+00
8822.0 1.108e+00
8823.0 1.573e+00
8824.0 2.606e+00
8825.0 2.776e+00
8826.0 2.153e+00
8827.0 1.952e+00
8828.0 2.750e+00
8829.0 2.314e+00
8830.0 8.870e-01
8831.0 -1.269e-01
8832.0 -8.203e-02
8833.0 -5.210e-03
8834.0 2.152e-01
8835.0 7.188e-01
8836.0 1.321e+00
8837.0 1.379e+00
8838.0 1.152e+00
8839.0 1.166e+00
8840.0 1.403e+00
8841.0 1.593e+00
8842.0 1.335e+00
8843.0 1.035e+00
8844.0 8.633e-01
8845.0 8.776e-01
8846.0 1.083e+00
8847.0 1.293e+00
8848.0 1.403e+00
8849.0 1.431e+00
8850.0 1.378e+00
8851.0 1.303e+00
8852.0 1.263e+00
8853.0 1.280e+00
8854.0 1.302e+00
8855.0 1.223e+00
8856.0 1.127e+00
8857.0 1.103e+00
8858.0 1.130e+00
8859.0 1.208e+00
8860.0 1.238e+00
8861.0 1.250e+00
8862.0 1.295e+00
8863.0 1.316e+00
8864.0 1.314e+00
8865.0 1.593e+00
8866.0 1.933e+00
8867.0 1.893e+00
8868.0 1.282e+00
8869.0 1.056e+00
8870.0 1.107e+00
8871.0 1.216e+00
8872.0 1.130e+00
8873.0 5.698e-01
8874.0 1.433e-01
8875.0 3.830e-01
8876.0 8.323e-01
8877.0 1.068e+00
8878.0 1.089e+00
8879.0 1.249e+00
8880.0 1.909e+00
8881.0 3.610e+00
8882.0 6.301e+00
8883.0 7.863e+00
8884.0 6.231e+00
8885.0 9.140e-01
8886.0 -1.174e+00
8887.0 -4.171e-01
8888.0 6.450e-02
8889.0 7.004e-01
8890.0 8.110e-01
8891.0 1.070e+00
8892.0 1.435e+00
8893.0 1.621e+00
8894.0 1.053e+00
8895.0 6.371e-01
8896.0 5.057e-01
8897.0 3.631e-01
8898.0 4.180e-01
8899.0 8.767e-01
8900.0 1.426e+00
8901.0 1.757e+00
8902.0 1.773e+00
8903.0 1.350e+00
8904.0 9.399e-01
8905.0 5.080e-01
8906.0 1.489e-02
8907.0 -6.943e-01
8908.0 -1.459e+00
8909.0 -1.228e+00
8910.0 -2.680e-01
8911.0 4.679e-01
8912.0 4.220e-01
8913.0 2.043e-01
8914.0 2.476e-01
8915.0 4.006e-01
8916.0 7.039e-01
8917.0 8.286e-01
8918.0 6.035e-01
8919.0 5.549e-01
8920.0 1.314e+00
8921.0 1.679e+00
8922.0 7.518e-01
8923.0 -2.819e-01
8924.0 -6.702e-01
8925.0 -6.938e-01
8926.0 -5.556e-01
8927.0 -3.077e-01
8928.0 8.075e-02
8929.0 3.261e-01
8930.0 3.845e-01
8931.0 3.590e-01
8932.0 3.349e-01
8933.0 3.299e-01
8934.0 3.698e-01
8935.0 3.780e-01
8936.0 3.141e-01
8937.0 2.816e-01
8938.0 3.555e-01
8939.0 3.557e-01
8940.0 1.164e-01
8941.0 -2.017e-01
8942.0 -2.818e-01
8943.0 -9.443e-02
8944.0 2.378e-01
8945.0 3.707e-01
8946.0 2.424e-01
8947.0 2.588e-01
8948.0 4.927e-01
8949.0 6.712e-01
8950.0 6.383e-01
8951.0 4.380e-01
8952.0 3.849e-01
8953.0 5.395e-01
8954.0 1.414e-01
8955.0 -9.057e-01
8956.0 -1.463e+00
8957.0 -1.451e+00
8958.0 -1.743e+00
8959.0 -2.074e+00
8960.0 -9.759e-01
8961.0 7.164e-02
8962.0 1.395e-01
8963.0 -9.268e-02
8964.0 1.876e-01
8965.0 3.307e-01
8966.0 1.539e-01
8967.0 1.996e-01
8968.0 3.843e-01
8969.0 3.784e-01
8970.0 2.876e-01
8971.0 2.878e-01
8972.0 3.129e-01
8973.0 3.299e-01
8974.0 3.293e-01
8975.0 2.919e-01
8976.0 3.029e-01
8977.0 3.417e-01
8978.0 3.277e-01
8979.0 2.987e-01
8980.0 3.143e-01
8981.0 3.083e-01
8982.0 2.937e-01
8983.0 3.098e-01
8984.0 3.403e-01
8985.0 1.973e-01
8986.0 -6.980e-02
8987.0 -9.536e-02
8988.0 1.882e-01
8989.0 3.372e-01
8990.0 3.255e-01
8991.0 3.032e-01
8992.0 3.901e-01
8993.0 6.412e-01
8994.0 8.036e-01
8995.0 8.445e-01
8996.0 7.324e-01
8997.0 4.415e-01
8998.0 -2.721e-02
8999.0 -4.666e-01
9000.0 -6.363e-01
9001.0 -3.228e-01
9002.0 4.113e-01
9003.0 6.584e-01
9004.0 3.323e-01
9005.0 1.274e-01
9006.0 2.018e-01
9007.0 3.210e-01
9008.0 3.916e-01
9009.0 4.065e-01
9010.0 3.775e-01
9011.0 3.337e-01
9012.0 3.216e-01
9013.0 3.226e-01
9014.0 3.297e-01
9015.0 3.399e-01
9016.0 3.581e-01
9017.0 3.414e-01
9018.0 3.062e-01
9019.0 2.810e-01
9020.0 3.006e-01
9021.0 3.234e-01
9022.0 3.292e-01
9023.0 3.300e-01
9024.0 3.413e-01
9025.0 3.309e-01
9026.0 3.093e-01
9027.0 3.420e-01
9028.0 3.830e-01
9029.0 3.577e-01
9030.0 3.165e-01
9031.0 3.163e-01
9032.0 3.564e-01
9033.0 3.744e-01
9034.0 2.909e-01
9035.0 1.350e-01
9036.0 8.063e-02
9037.0 1.490e-01
9038.0 2.319e-01
9039.0 3.236e-01
9040.0 3.611e-01
9041.0 3.247e-01
9042.0 3.169e-01
9043.0 5.002e-01
9044.0 7.510e-01
9045.0 6.568e-01
9046.0 2.622e-01
9047.0 -1.153e-01
9048.0 -2.207e-01
9049.0 5.333e-02
9050.0 3.643e-01
9051.0 4.031e-01
9052.0 2.868e-01
9053.0 2.468e-01
9054.0 4.850e-01
9055.0 8.510e-01
9056.0 9.156e-01
9057.0 6.970e-01
9058.0 4.602e-01
9059.0 3.114e-01
9060.0 2.862e-01
9061.0 3.228e-01
9062.0 3.452e-01
9063.0 3.534e-01
9064.0 3.500e-01
9065.0 3.487e-01
9066.0 3.410e-01
9067.0 3.274e-01
9068.0 3.385e-01
9069.0 3.442e-01
9070.0 3.700e-01
9071.0 3.752e-01
9072.0 3.650e-01
9073.0 3.455e-01
9074.0 3.426e-01
9075.0 3.620e-01
9076.0 3.740e-01
9077.0 3.823e-01
9078.0 3.597e-01
9079.0 3.486e-01
9080.0 3.505e-01
9081.0 3.684e-01
9082.0 3.878e-01
9083.0 3.708e-01
9084.0 3.604e-01
9085.0 3.532e-01
9086.0 3.673e-01
9087.0 4.114e-01
9088.0 5.970e-01
9089.0 7.822e-01
9090.0 7.186e-01
9091.0 4.662e-01
9092.0 3.496e-01
9093.0 3.646e-01
9094.0 3.862e-01
9095.0 4.013e-01
9096.0 3.986e-01
9097.0 3.725e-01
9098.0 3.377e-01
9099.0 3.398e-01
9100.0 3.940e-01
9101.0 4.414e-01
9102.0 4.064e-01
9103.0 3.522e-01
9104.0 3.502e-01
9105.0 3.645e-01
9106.0 3.151e-01
9107.0 9.610e-02
9108.0 -1.085e-01
9109.0 -5.127e-02
9110.0 1.777e-01
9111.0 3.944e-01
9112.0 1.361e-01
9113.0 -5.075e-02
9114.0 1.902e-02
9115.0 -6.576e-03
9116.0 2.142e-03
9117.0 -6.944e-04
9118.0 1.995e-04
9119.0 -6.559e-05
9120.0 1.166e-05
9121.0 -1.411e-05
9122.0 -1.053e-06
9123.0 -3.185e-06
9124.0 -4.200e-06
9125.0 -8.379e-06
9126.0 -7.164e-06
9127.0 -2.955e-06
9128.0 -2.084e-06
9129.0 -6.142e-06
9130.0 -1.306e-05
9131.0 -1.339e-05
9132.0 -1.742e-05
9133.0 -2.107e-05
9134.0 -1.808e-05
9135.0 -2.011e-05
9136.0 -2.354e-05
9137.0 -1.508e-05
9138.0 -1.819e-06
9139.0 6.798e-06
9140.0 5.285e-06
9141.0 -1.138e-06
9142.0 -3.837e-05
9143.0 -7.455e-05
9144.0 -7.603e-05
9145.0 -7.614e-05
9146.0 -8.093e-05
9147.0 -1.046e-04
9148.0 -1.317e-04
9149.0 -4.497e-05
9150.0 1.552e-05
9151.0 -4.962e-06
9152.0 5.260e-06
9153.0 5.173e-06
9154.0 6.264e-06
9155.0 6.061e-06
9156.0 6.853e-06
9157.0 7.337e-06
9158.0 6.955e-06
9159.0 5.445e-06
9160.0 5.322e-06
9161.0 7.437e-06
9162.0 9.066e-06
9163.0 9.391e-06
9164.0 9.982e-06
9165.0 9.864e-06
9166.0 8.051e-06
9167.0 5.618e-06
9168.0 2.436e-06
9169.0 -1.136e-06
9170.0 -5.958e-06
9171.0 -9.460e-06
9172.0 -1.172e-05
9173.0 -1.242e-05
9174.0 -1.192e-05
9175.0 -1.160e-05
9176.0 -1.175e-05
9177.0 -1.219e-05
9178.0 -1.240e-05
9179.0 -1.273e-05
9180.0 -1.214e-05
9181.0 -1.122e-05
9182.0 -1.068e-05
9183.0 -1.080e-05
9184.0 -1.091e-05
9185.0 -8.242e-06
9186.0 -6.792e-06
9187.0 -7.444e-06
9188.0 -7.277e-06
9189.0 -7.313e-06
9190.0 -7.436e-06
9191.0 -7.632e-06
9192.0 -7.640e-06
9193.0 -7.433e-06
9194.0 -7.650e-06
9195.0 -8.199e-06
9196.0 -5.058e-06
9197.0 -9.900e-07
9198.0 -5.709e-07
9199.0 -6.820e-07
9200.0 -5.813e-07
9201.0 -6.726e-07
9202.0 -6.537e-07
9203.0 -6.849e-07
9204.0 -7.232e-07
9205.0 -7.041e-07
9206.0 -6.805e-07
9207.0 -6.619e-07
9208.0 -6.599e-07
9209.0 -6.845e-07
9210.0 -7.034e-07
9211.0 -6.639e-07
9212.0 -5.171e-07
9213.0 -3.420e-07
9214.0 -3.410e-07
9215.0 -4.776e-07
9216.0 -6.056e-07
9217.0 -6.627e-07
9218.0 -6.632e-07
9219.0 -6.663e-07
9220.0 -7.099e-07
9221.0 -7.907e-07
9222.0 -8.387e-07
9223.0 -9.000e-07
9224.0 -9.488e-07
9225.0 -8.412e-07
9226.0 -6.016e-07
9227.0 -3.430e-07
9228.0 -8.280e-09
9229.0 8.446e-07
9230.0 2.297e-06
9231.0 3.879e-06
9232.0 5.180e-06
9233.0 6.127e-06
9234.0 6.956e-06
9235.0 7.839e-06
9236.0 8.651e-06
9237.0 9.832e-06
9238.0 9.870e-06
9239.0 5.155e-06
9240.0 2.179e-06
9241.0 3.282e-06
9242.0 3.420e-06
9243.0 3.956e-06
9244.0 4.377e-06
9245.0 4.856e-06
9246.0 5.374e-06
9247.0 5.934e-06
9248.0 6.537e-06
9249.0 7.172e-06
9250.0 7.930e-06
9251.0 8.536e-06
9252.0 9.722e-06
9253.0 1.096e-05
9254.0 5.747e-06
9255.0 2.013e-06
9256.0 3.770e-06
9257.0 3.502e-06
9258.0 3.980e-06
9259.0 4.224e-06
9260.0 4.555e-06
9261.0 4.871e-06
9262.0 5.215e-06
9263.0 5.576e-06
9264.0 5.956e-06
9265.0 6.352e-06
9266.0 6.767e-06
9267.0 7.205e-06
9268.0 7.665e-06
9269.0 8.143e-06
9270.0 8.640e-06
9271.0 9.155e-06
9272.0 9.687e-06
9273.0 1.024e-05
9274.0 1.082e-05
9275.0 1.142e-05
9276.0 1.204e-05
9277.0 1.269e-05
9278.0 1.337e-05
9279.0 1.407e-05
9280.0 1.479e-05
9281.0 1.553e-05
9282.0 1.630e-05
9283.0 1.707e-05
9284.0 1.787e-05
9285.0 1.870e-05
9286.0 1.958e-05
9287.0 2.048e-05
9288.0 2.142e-05
9289.0 2.239e-05
9290.0 2.338e-05
9291.0 2.440e-05
9292.0 2.547e-05
9293.0 2.658e-05
9294.0 2.773e-05
9295.0 2.891e-05
9296.0 3.012e-05
9297.0 3.137e-05
9298.0 3.267e-05
9299.0 3.403e-05
9300.0 3.538e-05
9301.0 3.653e-05
9302.0 3.733e-05
9303.0 3.795e-05
9304.0 3.873e-05
9305.0 3.984e-05
9306.0 4.089e-05
9307.0 4.126e-05
9308.0 4.285e-05
9309.0 4.015e-05
9310.0 1.886e-05
